1.882508540410412785e-05
1.694254986958550224e-04
4.706248296243165097e-04
9.224198189699315360e-04
1.524804908168721912e-03
2.277771435745387305e-03
3.181306566099393555e-03
4.235391950863958560e-03
5.440002123161943523e-03
6.795102625217008287e-03
8.300647869958316730e-03
9.956578737476245652e-03
1.176281990746218427e-02
1.371927692909674472e-02
1.582583303025210039e-02
1.808234566833437362e-02
2.048864282564682310e-02
2.304451905276905938e-02
2.574973126417284819e-02
2.860399429109106509e-02
3.160697619756742960e-02
3.475829336660473529e-02
3.805750536445402787e-02
4.150410959227774504e-02
4.509753573576199409e-02
4.883714002465874143e-02
5.272219931579827379e-02
5.675190501473722365e-02
6.092535685296490006e-02
6.524155653943133903e-02
6.969940130710010340e-02
7.429767737725694043e-02
7.903505336640018197e-02
8.391007366270683554e-02
8.892115180128143392e-02
9.406656386964745709e-02
9.934444197720100622e-02
1.047527678246241434e-01
1.102893664114778516e-01
1.159518999223926872e-01
1.217378618343886165e-01
1.276445712898624796e-01
1.336691677816482793e-01
1.398086061982803940e-01
1.460596522790810203e-01
1.524188785299890603e-01
1.588826606520510054e-01
1.654471745352147083e-01
1.721083938704570937e-01
1.788620884332998706e-01
1.857038230914023758e-01
1.926289575881503235e-01
1.996326471529380198e-01
2.067098439871704052e-01
2.138552996728833866e-01
2.210635685482558732e-01
2.283290120912113697e-01
2.356458043487457132e-01
2.430079384456059199e-01
2.504092342015124539e-01
2.578433468812633134e-01
2.653037770968578180e-01
2.727838818752545413e-01
2.802768868995838547e-01
2.877758999256613270e-01
2.952739253695135790e-01
3.027638800554549037e-01
3.102386101080834013e-01
3.176909089654995633e-01
3.251135364851537868e-01
3.324992391080861531e-01
3.398407710420141559e-01
3.471309164188148277e-01
3.543625123774830632e-01
3.615284730197130258e-01
3.686218141818484173e-01
3.756356789641205896e-01
3.825633639558330135e-01
3.893983460934639096e-01
3.961343100874668566e-01
4.027651763528508622e-01
4.092851293782721056e-01
4.156886464683063886e-01
4.219705267936367798e-01
4.281259206839345133e-01
4.341503590980525518e-01
4.400397832055706338e-01
4.457905740125301941e-01
4.513995819621047789e-01
4.568641564377264874e-01
4.621821750915616200e-01
4.673520729149279740e-01
4.723728709590008790e-01
4.772442046037128072e-01
4.819663512598761912e-01
4.865402573740324477e-01
4.909675645872050853e-01
4.952506348774972644e-01
4.993925744922889098e-01
5.033972564487291246e-01
5.072693413514510752e-01
5.110142962442824066e-01
5.146384111786319604e-01
5.181488131458905633e-01
5.215534769854137664e-01
5.248612328445575459e-01
5.280817697341386729e-01
5.312256346931466533e-01
5.343042270523642445e-01
5.373297872697996302e-01
5.403153798036853805e-01
5.432748694936359035e-01
5.462228909397137677e-01
5.491748104049288814e-01
5.521466798211036586e-01
5.551551825527165640e-01
5.582175706692066308e-01
5.613515935934663137e-01
5.645754181318139997e-01
5.679075400464558276e-01
5.713666875015324109e-01
5.749717168931215427e-01
5.787415017551940100e-01
5.826948156093871845e-01
5.868502097871747258e-01
5.912258873886857558e-01
5.958395746428239992e-01
6.007083909890008622e-01
6.058487192034935909e-01
6.112760768371255926e-01
6.170049901125452818e-01
6.230488712491643044e-01
6.294198999462248256e-01
6.361289094678621581e-01
6.431852774508699522e-01
6.505968212122010819e-01
6.583696969878257699e-01
6.665083022083606590e-01
6.750151796315841946e-01
6.838909219291849917e-01
6.931340751852356208e-01
7.027410397251033780e-01
7.127059667710432533e-01
7.230206496261920579e-01
7.336744084296619173e-01
7.446539680052590704e-01
7.559433289436885417e-01
7.675236328070748071e-01
7.793730232142983549e-01
7.914665055399964233e-01
8.037758090174821346e-01
8.162692561486452059e-01
8.289116454578630000e-01
8.416641547407539559e-01
8.544842730033370692e-01
8.673257702063443819e-01
8.801387146591890254e-01
8.928695483782763676e-01
9.054612308603783299e-01
9.178534614477233955e-01
9.299829897042153348e-01
9.417840219172515237e-01
9.531887299377680423e-01
9.641278660464948080e-01
9.745314843924796078e-01
9.843297658358121094e-01
9.934539388313472497e-01
1.001837284455479926e+00
1.009416208995666198e+00
1.016131362930251303e+00
1.021928780897674915e+00
1.026761013681839252e+00
1.030588220614186756e+00
1.033379189374395546e+00
1.035112250166022596e+00
1.035776052774750600e+00
1.035370178105955219e+00
1.033905560350514286e+00
1.031404701731333251e+00
1.027901668520057488e+00
1.023441864283206382e+00
1.018081583670479739e+00
1.011887357039054303e+00
1.004935102397366720e+00
9.973091062097555470e-01
9.891008583016680511e-01
9.804077683509289098e-01
9.713317922932760418e-01
9.619779965935066901e-01
9.524530870314849018e-01
9.428639267930446488e-01
9.333160666348607748e-01
9.239123080797215781e-01
9.147513192867637866e-01
9.059263225980868084e-01
8.975238727982425280e-01
8.896227456727047178e-01
8.822929571888923350e-01
8.755949340976161288e-01
8.695788564541649945e-01
8.642841910045234721e-01
8.597394312125057336e-01
8.559620547627755371e-01
8.529587027686371670e-01
8.507255770211551438e-01
8.492490430507443344e-01
8.485064182963231172e-01
8.484669170868338606e-01
8.490927181440015570e-01
8.503401164310393501e-01
8.521607196608760315e-01
8.545026506275642530e-01
8.573117194798357543e-01
8.605325346794790997e-01
8.641095271417813528e-01
8.679878683828629038e-01
8.721142698876351851e-01
8.764376569424199293e-01
8.809097155422908054e-01
8.854853154964169581e-01
8.901228164318336633e-01
8.947842660388324321e-01
8.994355016732643593e-01
9.040461674353248434e-01
9.085896592042459474e-01
9.130430099523981768e-01
9.173867271145315083e-01
9.216045929604378406e-01
9.256834379095649767e-01
9.296128956148879130e-01
9.333851474956667005e-01
9.369946632646148910e-01
9.404379429114579914e-01
9.437132645975223610e-01
9.468204420013337508e-01
9.497605938419566574e-01
9.525359275980654905e-01
9.551495388348809623e-01
9.576052270435654323e-01
9.599073284814699791e-01
9.620605661687078314e-01
9.640699169380554379e-01
9.659404952423448210e-01
9.676774532879048873e-01
9.692858969763405996e-01
9.707708170931160785e-01
9.721370351739845317e-01
9.733891635042219992e-01
9.745315787567294663e-01
9.755684088499496642e-01
9.765035327023644518e-01
9.773405926745358796e-01
9.780830196196097504e-01
9.787340706057945372e-01
9.792968795255061476e-01
9.797745209598428540e-01
9.801700878159441688e-01
9.804867833872866756e-01
9.807280285879020898e-01
9.808975851602452778e-01
9.809996956259774414e-01
9.810392406042752755e-01
9.810219138191222932e-01
9.809544146003756904e-01
9.808446568863632420e-01
9.807019925792304083e-01
9.805374454974552512e-01
9.803639500131117179e-01
9.801965856513940034e-01
9.800527953698171535e-01
9.799525708500705923e-01
9.799185828985176316e-01
9.799762290131488474e-01
9.801535635099843935e-01
9.804810686623922633e-01
9.809912186817424384e-01
9.817177829433261227e-01
9.826948118639223795e-01
9.839552498420652826e-01
9.855291265474469542e-01
9.874412926049165318e-01
9.897086902488696492e-01
9.923371851872465621e-01
9.953180330335092973e-01
9.986241109605801247e-01
1.002206109319600857e+00
1.005988943069495489e+00
1.009868700882276649e+00
1.013710490871354564e+00
1.017347555521993296e+00
1.020582004953308308e+00
1.023187450170177204e+00
1.024913704034322803e+00
1.025493560879851662e+00
1.024651476548181561e+00
1.022113766636594478e+00
1.017619745334333636e+00
1.010933067168757304e+00
1.001852435748876502e+00
9.902208285597915438e-01
9.759324665930513287e-01
9.589369302456529631e-01
9.392400720397343639e-01
9.169016732650639989e-01
8.920300990550052989e-01
8.647744875882784621e-01
8.353152336341851392e-01
8.038536762157763027e-01
7.706019710839739911e-01
7.357741313888008783e-01
6.995791762219676357e-01
6.622172667789851808e-01
6.238796709449769828e-01
5.847534255053595809e-01
5.450317233875278111e-01
5.049314314076630561e-01
4.647198699357255602e-01
4.247542090000183124e-01
3.855385854898420450e-01
3.478056467760609616e-01
3.126273496862214674e-01
2.815434667238386202e-01
2.566398232652887801e-01
2.403910415653469357e-01
2.350180734201767763e-01
2.414714510429034622e-01
2.588678219829418925e-01
2.849967506593471533e-01
3.173140525094739206e-01
3.535932291246286496e-01
3.921059744471472319e-01
4.315692733803084824e-01
4.710401414333424408e-01
5.098250205621472908e-01
5.474150369684824824e-01
5.834419645955614131e-01
6.176478982461616196e-01
6.498633698354590038e-01
6.799905661824481307e-01
7.079897077498639169e-01
7.338675338479048182e-01
7.576673558888505911e-01
7.794604179142207157e-01
7.993384372171582486e-01
8.174072499057711827e-01
8.337814961922077606e-01
8.485802719234607494e-01
8.619236599292815493e-01
8.739300440327806285e-01
8.847141028340114177e-01
8.943853800640000351e-01
9.030473326416125213e-01
9.107967652972395189e-01
9.177235704512878289e-01
9.239107028134111443e-01
9.294343290146135361e-01
9.343641028765863332e-01
9.387635262716108597e-01
9.426903637297011640e-01
9.461970859427715208e-01
9.493313231282599629e-01
9.521363139351487481e-01
9.546513393238847955e-01
9.569121337612221945e-01
9.589512682746854644e-01
9.607985015351722113e-01
9.624810962951583226e-01
9.640240993068573960e-01
9.654505833703400652e-01
9.667818504965841608e-01
9.680375953862480065e-01
9.692360285863710345e-01
9.703939588533591065e-01
9.715268344761531782e-01
9.726487436487007976e-01
9.737723744711167528e-01
9.749089358428759677e-01
9.760680414183956488e-01
9.772575599416272185e-01
9.784834366605585920e-01
9.797494921209595198e-01
9.810572064002894832e-01
9.824054986851346039e-01
9.837905139034719415e-01
9.852054297486988466e-01
9.866402987004084801e-01
9.880819403641971643e-01
9.895138994230976426e-01
9.909164835374473235e-01
9.922668935102610943e-01
9.935394548820581928e-01
9.947059558579774974e-01
9.957360912446721057e-01
9.965980061630480558e-01
9.972589271228948782e-01
9.976858621450152009e-01
9.978463466492507594e-01
9.977092085104968255e-01
9.972453247446669833e-01
9.964283443868767742e-01
9.952353577923003236e-01
9.936475021377287886e-01
9.916505063463845193e-01
9.892351956466034490e-01
9.863979957040956981e-01
9.831414973974226257e-01
9.794751638485630352e-01
9.754162784884542470e-01
9.709912429476286189e-01
9.662373313870329383e-01
9.612049869964338633e-01
9.559606986008316598e-01
9.505904109428834348e-01
9.452032909434693320e-01
9.399354853728806303e-01
9.349532601652980057e-01
9.304546186863811297e-01
9.266681899979727355e-01
9.238479284429602645e-01
9.222620856569070380e-01
9.221751544932023092e-01
9.238221918363527241e-01
9.273761855837149293e-01
9.329108604784832615e-01
9.403632081509958329e-01
9.495015622601123972e-01
9.599056534143584063e-01
9.709643951314328447e-01
9.818951745374876472e-01
9.917855332001207502e-01
9.996549057879872136e-01
1.004531096444811089e+00
1.005533848076704651e+00
1.001956533149600093e+00
9.933369428369448473e-01
9.795095273017025983e-01
9.606341086653912287e-01
9.371994975134017025e-01
9.100036752109633698e-01
8.801142493942296641e-01
8.488130613903450694e-01
8.175271520019449234e-01
7.877457858415117808e-01
7.609219049332213158e-01
7.383587567095623028e-01
7.210900986836795701e-01
7.097735022734166233e-01
7.046241263278845146e-01
7.054123269848951994e-01
7.115302169376290786e-01
7.221087546187435757e-01
7.361523582816943412e-01
7.526594925551421955e-01
7.707105256508139934e-01
7.895187037822296583e-01
8.084498025927275844e-01
8.270197644002601489e-01
8.448793374267271616e-01
8.617926916993581266e-01
8.776146849010536544e-01
8.922695427779623323e-01
9.057323518104754001e-01
9.180138710147320857e-01
9.291486337587919753e-01
9.391860174988589938e-01
9.481838241697398972e-01
9.562038769719436448e-01
9.633091604688589493e-01
9.695620839679345293e-01
9.750235160793777611e-01
9.797523102107460469e-01
9.838051096983571053e-01
9.872362831418901585e-01
9.900978930054408211e-01
9.924396427038496560e-01
9.943087791896522143e-01
9.957499501690000310e-01
9.968050286649627889e-01
9.975129241798820212e-01
9.979094007967155289e-01
9.980269198193637559e-01
9.978945194886987835e-01
9.975377382292964779e-01
9.969785818300249680e-01
9.962355297071808780e-01
9.953235714322822281e-01
9.942542622689326537e-01
9.930357855888268803e-01
9.916730106057201066e-01
9.901675356570216469e-01
9.885177100041210307e-01
9.867186305367016130e-01
9.847621136031433631e-01
9.826366462516745726e-01
9.803273253261050035e-01
9.778157970602925353e-01
9.750802140724401657e-01
9.720952310491641768e-01
9.688320650465260808e-01
9.652586513516566713e-01
9.613399313532478008e-01
9.570383149027111847e-01
9.523143661231976420e-01
9.471277682510427232e-01
9.414386292883079044e-01
9.352091950130978493e-01
9.284060377059858427e-01
9.210027855978641931e-01
9.129834465052092396e-01
9.043463554616431033e-01
8.951087355391526001e-01
8.853117979267609572e-01
8.750262159935086048e-01
8.643576838105342386e-01
8.534521108711073945e-01
8.424998165430906960e-01
8.317378868150578919e-01
8.214496769591065339e-01
8.119603457117334777e-01
8.036273735325442091e-01
7.968253472385274927e-01
7.919249644875832050e-01
7.892672268028400051e-01
7.891350109412410552e-01
7.917253275090060383e-01
7.971261775152200801e-01
8.053016520304904224e-01
8.160877150831855609e-01
8.291992768688108972e-01
8.442472865992022291e-01
8.607632223741233934e-01
8.782278173539156407e-01
8.961010612480015958e-01
9.138511378095736104e-01
9.309806544646864745e-01
9.470490633436908778e-01
9.616905042587019503e-01
9.746264845280870892e-01
9.856729624536898493e-01
9.947416186431630170e-01
1.001835425478073915e+00
1.007039040040860645e+00
1.010504981600433005e+00
1.012436922618603852e+00
1.013071642923753402e+00
1.012661223555446632e+00
1.011456886535875510e+00
1.009695556957577622e+00
1.007589799625148830e+00
1.005321339345090825e+00
1.003037979781191247e+00
1.000853438687603347e+00
9.988494398533169782e-01
9.970793422731375477e-01
9.955726244253524371e-01
9.943396455182307303e-01
9.933762437764508402e-01
9.926678763254905835e-01
9.921931359312298193e-01
9.919265853474620309e-01
9.918409263980204615e-01
9.919085696358826976e-01
9.921026960513293913e-01
9.923979106208667966e-01
9.927705841543656984e-01
9.931989697021339492e-01
9.936631663684709626e-01
9.941449892491122098e-01
9.946277909099774384e-01
9.950962681669489607e-01
9.955362782209932204e-01
9.959346804474936699e-01
9.962792141622037745e-01
9.965584182486845188e-01
9.967615953862637435e-01
9.968788215433707078e-01
9.969010002193060549e-01
9.968199604901246680e-01
9.966285981358754542e-01
9.963210599088655472e-01
9.958929722561126185e-01
9.953417174182788152e-01
9.946667616236405385e-01
9.938700418247798929e-01
9.929564187101392880e-01
9.919342040190597398e-01
9.908157687435663608e-01
9.896182346074476888e-01
9.883642429901821069e-01
9.870827816617340211e-01
9.858100285839531685e-01
9.845901419098797014e-01
9.834758848895001071e-01
9.825289234676336525e-01
9.818195748023241798e-01
9.814257219765197826e-01
9.814305539013631341e-01
9.819187559827957656e-01
9.829707890799325165e-01
9.846549787788247965e-01
9.870173208765259387e-01
9.900692099528348722e-01
9.937737127444267182e-01
9.980315004906232801e-01
1.002668048475627183e+00
1.007424095284016996e+00
1.011951501394401598e+00
1.015816445355528730e+00
1.018511287357970252e+00
1.019475437941670171e+00
1.018124311041576080e+00
1.013884116331009944e+00
1.006229108729123745e+00
9.947172187874574467e-01
9.790199348885005870e-01
9.589429786072699580e-01
9.344356344099301603e-01
9.055883359966795387e-01
8.726199424928462456e-01
8.358577122034482887e-01
7.957140355244698426e-01
7.526644088522006504e-01
7.072309768479948522e-01
6.599754442894609774e-01
6.115045474583932217e-01
5.624908627820588425e-01
5.137116521068635366e-01
4.661083260218608637e-01
4.208671074266509549e-01
3.795120690528763219e-01
3.439726129622716067e-01
3.165245497211401915e-01
2.994361507299476144e-01
2.942413112908121575e-01
3.009819441070508694e-01
3.180848616509199256e-01
3.430235293236271743e-01
3.731607849012249511e-01
4.062486779018967820e-01
4.405610355304172554e-01
4.748424424414417477e-01
5.082097781096218680e-01
5.400618736563974620e-01
5.700099373875454623e-01
5.978266208257899672e-01
6.234086635824220846e-01
6.467487087215817443e-01
6.679131510228784041e-01
6.870239595502420915e-01
7.042431922542797817e-01
7.197594543634132647e-01
7.337759169873765419e-01
7.464997579965286789e-01
7.581330425091971081e-01
7.688651408887529071e-01
7.788667988393366270e-01
7.882859384309853779e-01
7.972451952755190696e-01
8.058411032905422600e-01
8.141447432884346691e-01
8.222035919070328491e-01
8.300442554029127118e-01
8.376757544250993393e-01
8.450930403762201282e-01
8.522804653251089269e-01
8.592149864603848552e-01
8.658689527435819988e-01
8.722123868236106858e-01
8.782147328155095467e-01
8.838460863502363152e-01
8.890779559997252779e-01
8.938836253301680745e-01
8.982381942205907022e-01
9.021183790710597394e-01
9.055021465734706121e-01
9.083682470586063040e-01
9.106957029071042209e-01
9.124632965250715211e-01
9.136490919363248198e-01
9.142300147911927022e-01
9.141815079316167880e-01
9.134772737882830285e-01
9.120891108893586230e-01
9.099868496130921747e-01
9.071383919342861368e-01
9.035098611620988596e-01
8.990658703598362056e-01
8.937699220412140821e-01
8.875849565593537660e-01
8.804740719874954991e-01
8.724014438069684907e-01
8.633334778673422694e-01
8.532402342904515935e-01
8.420971626050638426e-01
8.298871887007644998e-01
8.166031913783098339e-01
8.022508994489699896e-01
7.868522284381659349e-01
7.704490576394463774e-01
7.531074217004881666e-01
7.349220533958823465e-01
7.160211616699933002e-01
6.965712553815718300e-01
6.767817201062321653e-01
6.569087127971935391e-01
6.372577482843396757e-01
6.181841127052977169e-01
6.000899763861141656e-01
5.834168644930918246e-01
5.686321227241956100e-01
5.562084080558635790e-01
5.465962757639635239e-01
5.401917048608977368e-01
5.373025918128881973e-01
5.381200088751461053e-01
5.427002623703600648e-01
5.509618314227058278e-01
5.626975867169292655e-01
5.775988305523434008e-01
5.952853380272291606e-01
6.153354444027787640e-01
6.373118338309284869e-01
6.607809393349970417e-01
6.853258119890653921e-01
7.105535247113070607e-01
7.360986581484628699e-01
7.616243976878742661e-01
7.868224934600437370e-01
8.114129728929070362e-01
8.351441448728860184e-01
8.577931381668966182e-01
8.791669866834581626e-01
8.991041094877108009e-01
9.174759291043903531e-01
9.341883216024902126e-01
9.491825899807537770e-01
9.624356912227889360e-01
9.739595181833611282e-01
9.837991295096086830e-01
9.920299220795143480e-01
9.987538386889682762e-01
1.004094787793822441e+00
1.008193513337740876e+00
1.011202185862615899e+00
1.013278989912405059e+00
1.014582959649386273e+00
1.015269270074266927e+00
1.015485132701141602e+00
1.015366380158448489e+00
1.015034761769337379e+00
1.014595918248804463e+00
1.014137962941493276e+00
1.013730572122356621e+00
1.013424478340768209e+00
1.013251267337371697e+00
1.013223397990179686e+00
1.013334392333858691e+00
1.013559174661606166e+00
1.013854570632642726e+00
1.014160004970808382e+00
1.014398456119860237e+00
1.014477735353382259e+00
1.014292154672117308e+00
1.013724632009840310e+00
1.012649254854370851e+00
1.010934286780742486e+00
1.008445559188530849e+00
1.005050147204929356e+00
1.000620189145515759e+00
9.950366778713893856e-01
9.881930338932367608e-01
9.799982669639224486e-01
9.703795463534929944e-01
9.592840293693623011e-01
9.466798405516634318e-01
9.325561464533471678e-01
9.169223281700891182e-01
8.998063106735980643e-01
8.812521597345598368e-01
8.613170999265665762e-01
8.400681383021152415e-01
8.175784966865715653e-01
7.939240613635275556e-01
7.691800535478914291e-01
7.434181095521416038e-01
7.167039384801839885e-01
6.890957003839247585e-01
6.606432220039766268e-01
6.313881437295149057e-01
6.013650742633284141e-01
5.706038242593578502e-01
5.391328054872922548e-01
5.069837318755912037e-01
4.741978669468900898e-01
4.408342706482689111e-01
4.069808830423867207e-01
3.727699811827757670e-01
3.384008109576137624e-01
3.041744660163372416e-01
2.705499995111104727e-01
2.382366163410305770e-01
2.083412683499204221e-01
1.825733760020649132e-01
1.633963737144776274e-01
1.537143773942328540e-01
1.555836034895941022e-01
1.687279667934875882e-01
1.907918455885034559e-01
2.189410847911844316e-01
2.508974810264670285e-01
2.850870878458700020e-01
3.204625455871148998e-01
3.563177311601276598e-01
3.921617389144241295e-01
4.276422144814930326e-01
4.624996646594287109e-01
4.965397269063251406e-01
5.296156472975711571e-01
5.616165794094701846e-01
5.924592543238093034e-01
6.220816598081732041e-01
6.504379776419380033e-01
6.774943736000345051e-01
7.032254306933966026e-01
7.276111264022772085e-01
7.506343141570597233e-01
7.722786983414675621e-01
7.925273024111245679e-01
8.113614285015902095e-01
8.287600986958011395e-01
8.446999559891981146e-01
8.591555891228682684e-01
8.721002315208276068e-01
8.835067718967047901e-01
8.933490037571534259e-01
9.016030338565048652e-01
9.082487662346242496e-01
9.132713791149066340e-01
9.166627166822051143e-01
9.184225263400106476e-01
9.185594839245451171e-01
9.170919637554946213e-01
9.140485263780633307e-01
9.094681133522785066e-01
9.033999544199644571e-01
8.959032068574533936e-01
8.870463589941298688e-01
8.769064391549235005e-01
8.655680773337718348e-01
8.531224696482770931e-01
8.396662952239438704e-01
8.253006319650304512e-01
8.101299121821394777e-01
7.942609518346973596e-01
7.778020787965105320e-01
7.608623766171259684e-01
7.435510512104888114e-01
7.259769191396846511e-01
7.082480079652098137e-01
6.904712516746676076e-01
6.727522576362577889e-01
6.551951159068447605e-01
6.379022171817471110e-01
6.209740423679083188e-01
6.045088849835243971e-01
5.886024677839621910e-01
5.733474178090497420e-01
5.588325702033586362e-01
5.451420814716108065e-01
5.323543479109442700e-01
5.205407449408863130e-01
5.097642272048992229e-01
5.000778557216228881e-01
4.915233437412973583e-01
4.841297328854556881e-01
4.779123207366522963e-01
4.728719561378482705e-01
4.689947969917286907e-01
4.662525884650908781e-01
4.646034718933365060e-01
4.639932838136260895e-01
4.643572589300301590e-01
4.656220177891277068e-01
4.677077039321138607e-01
4.705301369284149438e-01
4.740028641937947262e-01
4.780390208546820840e-01
4.825529374848012143e-01
4.874614653296489575e-01
4.926850141377750458e-01
4.981483171042903058e-01
5.037809503259155219e-01
5.095176412038988634e-01
5.152984025861853112e-01
5.210685284428939745e-01
5.267784837506107598e-01
5.323837170240948158e-01
5.378444193160532016e-01
5.431252489971727382e-01
5.481950375191706470e-01
5.530264877941020174e-01
5.575958738337950527e-01
5.618827478621234439e-01
5.658696591841436696e-01
5.695418875996253183e-01
5.728871930114913802e-01
5.758955820339750620e-01
5.785590917905975017e-01
5.808715906572168297e-01
5.828285954082264020e-01
5.844271040304441778e-01
5.856654433524830505e-01
5.865431305763826320e-01
5.870607477769258509e-01
5.872198284400721446e-01
5.870227551361768548e-01
5.864726674593109257e-01
5.855733794061770414e-01
5.843293054132994158e-01
5.827453943170003425e-01
5.808270705455175209e-01
5.785801818955507159e-01
5.760109532859731818e-01
5.731259459192393768e-01
5.699320213161853665e-01
5.664363097225847410e-01
5.626461824163337955e-01
5.585692274727375173e-01
5.542132285724429286e-01
5.495861464624223203e-01
5.446961027053462967e-01
5.395513653769934415e-01
5.341603363952097672e-01
5.285315401875467778e-01
5.226736134282008450e-01
5.165952955982743289e-01
5.103054201467730477e-01
5.038129060530467385e-01
4.971267496145737042e-01
4.902560163069584753e-01
4.832098325856487575e-01
4.759973775210429303e-01
4.686278741802146208e-01
4.611105806892441539e-01
4.534547809299895316e-01
4.456697748438708806e-01
4.377648683327719503e-01
4.297493627633091062e-01
4.216325440954101778e-01
4.134236716692639702e-01
4.051319666961918364e-01
3.967666005087975289e-01
3.883366826338729982e-01
3.798512487579366881e-01
3.713192486600409015e-01
3.627495341896145864e-01
3.541508473686670322e-01
3.455318086978338976e-01
3.369009057444867783e-01
3.282664820886816437e-01
3.196367266991486100e-01
3.110196638069904762e-01
3.024231433394056201e-01
2.938548319697122380e-01
2.853222048333791117e-01
2.768325379528088215e-01
2.683929014063895502e-01
2.600101532699895523e-01
2.516909343516927633e-01
2.434416637333231270e-01
2.352685351252316315e-01
2.271775140340437094e-01
2.191743357366357225e-01
2.112645040476119063e-01
2.034532908620104164e-01
1.957457364499496921e-01
1.881466504754195079e-01
1.806606137074818486e-01
1.732919803887525423e-01
1.660448812231876681e-01
1.589232269428981770e-01
1.519307124119368413e-01
1.450708212237124262e-01
1.383468307478718240e-01
1.317618175821174409e-01
1.253186633644408909e-01
1.190200609016510702e-01
1.128685205707811029e-01
1.068663769509615169e-01
1.010157956446017663e-01
9.531878024817487527e-02
8.977717943454366356e-02
8.439269411054468872e-02
7.916688461542384370e-02
7.410117792769099765e-02
6.919687484995941384e-02
6.445515714338899416e-02
5.987709458536926571e-02
5.546365192611298067e-02
5.121569572180050683e-02
4.713400102384381757e-02
4.321925790570283615e-02
3.947207781046766645e-02
3.589299970412284518e-02
3.248249602101114381e-02
2.924097838952605111e-02
2.616880312747103463e-02
2.326627649782750037e-02
2.053365971687717492e-02
1.797117370772381012e-02
1.557900359325638077e-02
1.335730292350157007e-02
1.130619763311260968e-02
9.425789725462142138e-03
7.716160680429575217e-03
6.177374583523027006e-03
4.809480974445589849e-03
3.612517413616317830e-03
2.586511765487593123e-03
1.731484197785314099e-03
1.047448896013696701e-03
5.344154927514524868e-04
1.923902114055496342e-04
2.137672419172021942e-05
