2.262140456127527372e-05
2.035923168544134733e-04
5.655323490773843951e-04
1.108437611398457780e-03
1.832301506355153058e-03
2.737113813732912002e-03
3.822859470664078958e-03
5.089517047234753434e-03
6.537056918037959310e-03
8.165439130321120245e-03
9.974610969640050617e-03
1.196450422427750189e-02
1.413503215011620295e-02
1.648608613817640484e-02
1.901753208765633377e-02
2.172920648805761260e-02
2.462091221485027473e-02
2.769241404412054602e-02
3.094343389279586437e-02
3.437364579232365935e-02
3.798267060512941495e-02
4.177007049477565043e-02
4.573534316252774595e-02
4.987791586494937784e-02
5.419713922927857364e-02
5.869228088559478446e-02
6.336251893723647555e-02
6.820693529353370754e-02
7.322450889167377019e-02
7.841410883742257198e-02
8.377448749745554368e-02
8.930427357920321663e-02
9.500196523734996679e-02
1.008659232494428931e-01
1.068943643064216575e-01
1.130853544672385941e-01
1.194368028300909351e-01
1.259464554760482136e-01
1.326118897440413669e-01
1.394305088991740216e-01
1.463995372591339328e-01
1.535160158460018853e-01
1.607767986329914078e-01
1.681785494574596640e-01
1.757177396729374119e-01
1.833906466137767977e-01
1.911933529463247516e-01
1.991217469801742912e-01
2.071715240120032553e-01
2.153381887726810717e-01
2.236170590456904306e-01
2.320032705213894708e-01
2.404917829472033863e-01
2.490773876284252675e-01
2.577547163279197417e-01
2.665182516056009976e-01
2.753623386301324305e-01
2.842811984858229502e-01
2.932689429872212261e-01
3.023195910024497057e-01
3.114270862738848233e-01
3.205853167114863234e-01
3.297881351199010158e-01
3.390293813055362260e-01
3.483029054941912395e-01
3.576025929736218467e-01
3.669223898587261612e-01
3.762563298599834738e-01
3.855985619184538749e-01
3.949433785531960561e-01
4.042852447495042245e-01
4.136188271990220433e-01
4.229390236857135110e-01
4.322409923949723232e-01
4.415201809069689287e-01
4.507723546198267872e-01
4.599936243334978858e-01
4.691804727114559093e-01
4.783297793246620300e-01
4.874388439709024246e-01
4.965054079526883823e-01
5.055276729887007159e-01
5.145043174274468445e-01
5.234345094276743326e-01
5.323179167684330970e-01
5.411547129528218036e-01
5.499455792737797388e-01
5.586917025181831198e-01
5.673947679974155056e-01
5.760569476089717478e-01
5.846808826550023985e-01
5.932696611704864065e-01
6.018267895464506356e-01
6.103561582727136114e-01
6.188620016704879934e-01
6.273488515380651886e-01
6.358214846930247965e-01
6.442848644619340037e-01
6.527440762433340815e-01
6.612042573516052624e-01
6.696705214376471593e-01
6.781478778764256088e-01
6.866411466104838102e-01
6.951548690412512332e-01
7.036932156651067860e-01
7.122598912570332619e-01
7.208580385096438059e-01
7.294901411374814515e-01
7.381579275538165952e-01
7.468622763177169555e-01
7.556031246308839711e-01
7.643793812346880712e-01
7.731888451160336961e-01
7.820281314742881795e-01
7.908926064287088442e-01
7.997763319548989447e-01
8.086720225280488172e-01
8.175710149184655107e-01
8.264632525293299503e-01
8.353372855860843327e-01
8.441802883793886325e-01
8.529780946274120312e-01
8.617152518563530039e-01
8.703750954988294097e-01
8.789398431764875452e-01
8.873907093648094602e-01
8.957080403341241004e-01
9.038714689217652865e-01
9.118600883178630268e-01
9.196526436446963437e-01
9.272277396819340600e-01
9.345640626446771737e-01
9.416406134673505068e-01
9.484369495958960838e-01
9.549334318572363367e-01
9.611114725744794862e-01
9.669537807460216738e-01
9.724445998248459899e-01
9.775699334390937079e-01
9.823177543038229542e-01
9.866781916022440146e-01
9.906436922751815644e-01
9.942091519584798087e-01
9.973720117530933127e-01
1.000132317599362386e+00
1.002492739746939865e+00
1.004458550649972581e+00
1.006037560552129451e+00
1.007240011030829718e+00
1.008078427812626465e+00
1.008567435216734864e+00
1.008723535593655907e+00
1.008564858063059289e+00
1.008110881683495608e+00
1.007382138873428756e+00
1.006399905421173635e+00
1.005185883749798226e+00
1.003761886229112887e+00
1.002149525246321282e+00
1.000369916464568965e+00
9.984434012281863113e-01
9.963892934366648246e-01
9.942256554353614550e-01
9.919691065940603458e-01
9.896346673031994889e-01
9.872356401518803670e-01
9.847835291014492842e-01
9.822879965709438999e-01
9.797568575391953916e-01
9.771961090703924491e-01
9.746099931060415722e-01
9.720010899495917789e-01
9.693704396058007156e-01
9.667176880229726432e-01
9.640412553133032025e-01
9.613385231794630004e-01
9.586060390340305215e-01
9.558397346382961901e-01
9.530351574814663884e-01
9.501877135415390807e-01
9.472929204851996410e-01
9.443466707452566888e-01
9.413455042291491992e-01
9.382868906290213751e-01
9.351695213900607095e-01
9.319936113152917923e-01
9.287612095066206663e-01
9.254765188268743170e-01
9.221462222784355678e-01
9.187798135935106858e-01
9.153899278845588627e-01
9.119926663826418700e-01
9.086079070800996416e-01
9.052595904952955852e-01
9.019759668243771955e-01
8.987897875136492409e-01
8.957384209089468419e-01
8.928638683203209414e-01
8.902126538727228588e-01
8.878355592824584974e-01
8.857871736852083178e-01
8.841252294010344404e-01
8.829096976485352188e-01
8.822016242766945737e-01
8.820616950046387128e-01
8.825485326357556115e-01
8.837167450604974661e-01
8.856147619196030885e-01
8.882825183731027918e-01
8.917490648230105288e-01
8.960301996388891910e-01
9.011262358247045245e-01
9.070200202880389639e-01
9.136753246691285968e-01
9.210357191429576762e-01
9.290240257340584007e-01
9.375424267897696229e-01
9.464732791368883902e-01
9.556806569653275574e-01
9.650126181919925772e-01
9.743041609495282085e-01
9.833808093173690423e-01
9.920627404630060209e-01
1.000169338926811147e+00
1.007524038132648680e+00
1.013959285253673182e+00
1.019321445007301596e+00
1.023475443182530809e+00
1.026308944461944428e+00
1.027735863986985132e+00
1.027699029999164848e+00
1.026171846394947185e+00
1.023158848196263682e+00
1.018695097153254459e+00
1.012844424952122013e+00
1.005696592906638820e+00
9.973634944725913165e-01
9.879745758464825167e-01
9.776716867758837859e-01
9.666035964191450613e-01
9.549204170255328750e-01
9.427681720331155812e-01
9.302837265153107715e-01
9.175902689209125551e-01
9.047934961608811166e-01
8.919786117698748074e-01
8.792082015925403171e-01
8.665210057392194187e-01
8.539315620234217974e-01
8.414306573584792170e-01
8.289864921282517063e-01
8.165464404080837735e-01
8.040392774215411320e-01
7.913777451356176496e-01
7.784613367270309947e-01
7.651791991361618361e-01
7.514130776916987386e-01
7.370402551000168057e-01
7.219364662033536106e-01
7.059787973725620835e-01
6.890486032803083694e-01
6.710344928129665654e-01
6.518354494745048910e-01
6.313641601076723786e-01
6.095506304437146028e-01
5.863461696394743905e-01
5.617278333517430333e-01
5.357034338270026952e-01
5.083172682098937578e-01
4.796568015583156375e-01
4.498606966945040697e-01
4.191288478848086974e-01
3.877354966281477688e-01
3.560471187490377720e-01
3.245475034621974064e-01
2.938728407110678953e-01
2.648580557286127068e-01
2.385875046643539943e-01
2.164190617399782968e-01
1.999031304571618484e-01
1.904824891063582881e-01
1.889690039128369137e-01
1.951106747034740130e-01
2.076680211344847926e-01
2.249425313054617959e-01
2.452985220442357450e-01
2.674164307980450572e-01
2.903289656061338597e-01
3.133667911937795814e-01
3.360889680859974749e-01
3.582242806989811013e-01
3.796273049608888117e-01
4.002464161184005609e-01
4.201001446555437946e-01
4.392590483834704629e-01
4.578311689898948433e-01
4.759498447586804071e-01
4.937631423169250855e-01
5.114245014248849364e-01
5.290844069935906058e-01
5.468830444049158634e-01
5.649439771943260968e-01
5.833689221894620136e-01
6.022336958330378742e-01
6.215853768297349147e-01
6.414406860546710831e-01
6.617855369022807022e-01
6.825756684659061158e-01
7.037382471547469764e-01
7.251743119893515610e-01
7.467619427371884333e-01
7.683600427354770890e-01
7.898126425752531876e-01
8.109536399331642720e-01
8.316118896886791623e-01
8.516165447997561255e-01
8.708025231456392179e-01
8.890159425893986445e-01
9.061193321139653367e-01
9.219963986062906791e-01
9.365561142940183048e-01
9.497358952057141090e-01
9.615036699191977787e-01
9.718586903112232944e-01
9.808310081464582941e-01
9.884796257268956277e-01
9.948894155870358080e-01
1.000166982645681601e+00
1.004435702597705315e+00
1.007830205646059518e+00
1.010490581864761817e+00
1.012556564912952872e+00
1.014161910007058465e+00
1.015429128692300065e+00
1.016464687419709634e+00
1.017354729595589369e+00
1.018161350285781364e+00
1.018919444633954452e+00
1.019634166608847314e+00
1.020279070549894085e+00
1.020795056164268244e+00
1.021090286367651423e+00
1.021041282559579821e+00
1.020495409279949417e+00
1.019274927772337858e+00
1.017182718917031048e+00
1.014009650846302124e+00
1.009543404727282212e+00
1.003578391938936498e+00
9.959262224054962198e-01
9.864260456663861421e-01
9.749540099613269728e-01
9.614310892699020616e-01
9.458286206494342929e-01
9.281710663029644204e-01
9.085357443669663802e-01
8.870495271677074633e-01
8.638827500013847027e-01
8.392407758657064454e-01
8.133538011445132776e-01
7.864655574119443493e-01
7.588215729259690789e-01
7.306576225106856670e-01
7.021889399755695260e-01
6.736007152334437809e-01
6.450403642720559105e-01
6.166120496316043198e-01
5.883739380642208916e-01
5.603387013490038759e-01
5.324777889191665281e-01
5.047300321681927882e-01
4.770152067888556169e-01
4.492533367368882202e-01
4.213908574199540236e-01
3.934353721473192178e-01
3.655017081941073220e-01
3.378731588675059072e-01
3.110822074622361932e-01
2.860111902637252346e-01
2.639959155638704758e-01
2.468674708796187722e-01
2.367881682357591833e-01
2.357265585172969580e-01
2.446924720081932736e-01
2.632909077113791962e-01
2.900001713563728489e-01
3.228472105594952790e-01
3.599351746004250119e-01
3.996627524812012000e-01
4.407494184045610552e-01
4.821913206434867427e-01
5.232083973955775624e-01
5.632007813658256312e-01
6.017158404300102514e-01
6.384229778663099708e-01
6.730933443293299900e-01
7.055825893179088482e-01
7.358156667780652027e-01
7.637732904405343248e-01
7.894799400675112100e-01
8.129934342457911800e-01
8.343960876772175128e-01
8.537874203074230506e-01
8.712783211637971093e-01
8.869865139899906215e-01
9.010331351232632180e-01
9.135402189818646601e-01
9.246288906731469082e-01
9.344180839253288795e-01
9.430236304261632174e-01
9.505575986914630571e-01
9.571277926385736157e-01
9.628373490641495280e-01
9.677843973022282054e-01
9.720617625553735763e-01
9.757567066627286234e-01
9.789507069258582828e-01
9.817192759962111159e-01
9.841318248942412250e-01
9.862515681938678336e-01
9.881354664142958377e-01
9.898341967095173333e-01
9.913921398283556119e-01
9.928473696090440725e-01
9.942316313296325481e-01
9.955702972160206388e-01
9.968822912902125521e-01
9.981799813386837972e-01
9.994690427631293117e-01
1.000748306972049972e+00
1.002009615175864843e+00
1.003237706229265003e+00
1.004410173686182794e+00
1.005497531594016447e+00
1.006463429853637237e+00
1.007265057400979158e+00
1.007853764420961751e+00
1.008175923011191077e+00
1.008174029344194755e+00
1.007788030138923707e+00
1.006956833416714936e+00
1.005619939879502711e+00
1.003719109001542265e+00
1.001199955451714585e+00
9.980133590608452065e-01
9.941165671378543456e-01
9.894738727853544802e-01
9.840567673752060873e-01
9.778434889724777479e-01
9.708179197942025107e-01
9.629678225923392620e-01
9.542824455744193246e-01
9.447495654783544250e-01
9.343520763662828132e-01
9.230642658856762495e-01
9.108479502959603291e-01
8.976486645441835721e-01
8.833921250552309035e-01
8.679812023423110201e-01
8.512936600502176709e-01
8.331809384396364759e-01
8.134682845200204016e-01
7.919565571596398623e-01
7.684260599274826964e-01
7.426427700946356403e-01
7.143673287440016617e-01
6.833671224984528836e-01
6.494317142579070223e-01
6.123917769143751855e-01
5.721415987464786301e-01
5.286652982197742601e-01
4.820674334765310820e-01
4.326104648641229122e-01
3.807663073127027231e-01
3.273015259379713493e-01
2.734478515555988642e-01
2.212943635257003105e-01
1.747320777698146421e-01
1.413063962100086224e-01
1.321419259063846552e-01
1.512295020262635070e-01
1.891371015404517686e-01
2.356834901199686139e-01
2.854190548738827493e-01
3.358400039922405100e-01
3.858233190420697345e-01
4.349161544172308047e-01
4.830140672759627996e-01
5.301907779217180927e-01
5.765891935787768041e-01
6.223410302401736205e-01
6.675042328415686788e-01
7.120158832916224645e-01
7.556614336582322400e-01
7.980619041154075610e-01
8.386803567843866825e-01
8.768480001250948952e-01
9.118088623419133842e-01
9.427801380996237990e-01
9.690231623463987365e-01
9.899178072239833703e-01
1.005031481140234106e+00
1.014173484216269072e+00
1.017426723094917440e+00
1.015151742823620973e+00
1.007962158656613205e+00
9.966749070449549830e-01
9.822422582220589060e-01
9.656745386961576028e-01
9.479628258623216119e-01
9.300097946862158071e-01
9.125749358440010672e-01
8.962380044116227129e-01
8.813821146306257681e-01
8.681955686525525406e-01
8.566894936977218489e-01
8.467269122975121798e-01
8.380582133901113284e-01
8.303582032546044100e-01
8.232608412611799320e-01
8.163890753872986572e-01
8.093785173395326993e-01
8.018947630891222200e-01
7.936448531012271213e-01
7.843836960290719862e-01
7.739163467195693258e-01
7.620969493040584686e-01
7.488250248611660886e-01
7.340396628407356294e-01
7.177120963268630582e-01
6.998371104684713018e-01
6.804237450899175421e-01
6.594857952701358439e-01
6.370326753754105287e-01
6.130612816395050180e-01
5.875495566949320292e-01
5.604525199318908246e-01
5.317015792926003126e-01
5.012079953112669184e-01
4.688714685994201381e-01
4.345950744552085077e-01
3.983084276529224588e-01
3.600026369426558848e-01
3.197848269740524718e-01
2.779708003255950688e-01
2.352630082821996482e-01
1.931382736408412404e-01
1.547559695924275169e-01
1.267882735087144386e-01
1.198457760275812300e-01
1.390124917753360057e-01
1.767484591727041532e-01
2.238668075058591889e-01
2.750813407567000435e-01
3.276250483757915388e-01
3.798958756909689982e-01
4.308591444340379439e-01
4.798046105019072582e-01
5.262417233321091681e-01
5.698479431976116727e-01
6.104372899511406603e-01
6.479364206020046257e-01
6.823635821317995953e-01
7.138090774848875331e-01
7.424171624532394098e-01
7.683696812802619514e-01
7.918717538859724181e-01
8.131396908975203619e-01
8.323911523553941816e-01
8.498374345374216654e-01
8.656776836276388609e-01
8.800947933348260976e-01
8.932527362761403245e-01
9.052950940908676136e-01
9.163445779911416622e-01
9.265033613724171779e-01
9.358540735282182554e-01
9.444613252888227617e-01
9.523736524257040426e-01
9.596257713434185321e-01
9.662410453448053715e-01
9.722340606050925427e-01
9.776132111268842628e-01
9.823831934615046002e-01
9.865473166034309793e-01
9.901095413789542388e-01
9.930761773802109227e-01
9.954571838585083432e-01
9.972670431346181141e-01
9.985251996010678921e-01
9.992560824984820789e-01
9.994887544076778152e-01
9.992562479604922832e-01
9.985946690916307489e-01
9.975421551685483834e-01
9.961377800665637272e-01
9.944204958236925185e-01
9.924281925750455535e-01
9.901969461008410800e-01
9.877605068323469517e-01
9.851500669001007626e-01
9.823943240001141719e-01
9.795198434418294076e-01
9.765517033039966543e-01
9.735143923416363920e-01
9.704329159781385217e-01
9.673340519395819959e-01
9.642476832994396618e-01
9.612081224635403709e-01
9.582553248550819136e-01
9.554358763001395971e-01
9.528036247939144499e-01
9.504198179626167642e-01
9.483526057927720299e-01
9.466757787199198138e-01
9.454666390297346013e-01
9.448029532532580266e-01
9.447590073725509185e-01
9.454008840292068561e-01
9.467811950935202114e-01
9.489336213348169569e-01
9.518677154511191452e-01
9.555644942771607253e-01
9.599733607501859112e-01
9.650108426659027572e-01
9.705615105953095956e-01
9.764812514814515954e-01
9.826028488513108838e-01
9.887435841413840798e-01
9.947143570380907462e-01
1.000329653180603406e+00
1.005417585113341339e+00
1.009829208216803220e+00
1.013446369664056324e+00
1.016187478933213484e+00
1.018010779075374739e+00
1.018914928292443012e+00
1.018936946205291516e+00
1.018147811280384563e+00
1.016646189508112474e+00
1.014550909004184653e+00
1.011992858312280141e+00
1.009106975235449344e+00
1.006024915239460027e+00
1.002868859218929209e+00
9.997467603131012792e-01
9.967491608728494823e-01
9.939475542933929875e-01
9.913941384185158689e-01
9.891227175211676492e-01
9.871504616545997424e-01
9.854802225814351946e-01
9.841031272060687396e-01
9.830012127268308308e-01
9.821499224503411618e-01
9.815203384182781265e-01
9.810810798914041397e-01
9.807998410204940010e-01
9.806445747436606242e-01
9.805843529703036632e-01
9.805899465790172131e-01
9.806341744802125060e-01
9.806920709960909033e-01
9.807409170067881155e-01
9.807601743293987706e-01
9.807313559014690929e-01
9.806378574354803757e-01
9.804647698801357558e-01
9.801986865952757588e-01
9.798275147556155806e-01
9.793402971470596130e-01
9.787270481264840338e-01
9.779786059530950482e-01
9.770865028181162648e-01
9.760428535493309576e-01
9.748402640074388392e-01
9.734717604980476224e-01
9.719307419913610913e-01
9.702109574852990637e-01
9.683065113987298078e-01
9.662119003862291722e-01
9.639220853820341661e-01
9.614326029735049683e-01
9.587397203410107371e-01
9.558406379479053028e-01
9.527337438816896320e-01
9.494189231869810675e-01
9.458979246319205725e-01
9.421747860376066264e-01
9.382563174864945177e-01
9.341526393095874736e-01
9.298777686254737773e-01
9.254502442601688639e-01
9.208937750242182085e-01
9.162378905081380864e-01
9.115185667901408717e-01
9.067787918461208685e-01
9.020690272771909601e-01
8.974475146958499350e-01
8.929803674694416493e-01
8.887413825442236348e-01
8.848115041193707064e-01
8.812778726405380292e-01
8.782324007228633489e-01
8.757698338917472292e-01
8.739852796906125709e-01
8.729712240666630541e-01
8.728140979004150868e-01
8.735905061641355829e-01
8.753632826257644606e-01
8.781775778429916635e-01
8.820572203491697794e-01
8.870016040654161715e-01
8.929833449560763414e-01
8.999469160734169249e-01
9.078084155446445314e-01
9.164565531090080874e-01
9.257548656332899029e-01
9.355450985984130607e-01
9.456516250499739096e-01
9.558867194757114660e-01
9.660564624948003720e-01
9.759670224376818526e-01
9.854310407471745803e-01
9.942738391473772142e-01
1.002339168342280207e+00
1.009494232228028698e+00
1.015633750096764931e+00
1.020682863215429226e+00
1.024598750979482054e+00
1.027370892881010134e+00
1.029019990907238169e+00
1.029595646159007671e+00
1.029172956214262191e+00
1.027848259267163833e+00
1.025734292048865459e+00
1.022955047910489634e+00
1.019640618684488187e+00
1.015922280895216190e+00
1.011928047331726033e+00
1.007778853918698703e+00
1.003585494709526849e+00
9.994463599956061595e-01
9.954459786147312750e-01
9.916543191659183965e-01
9.881267684210102153e-01
9.849046799638369043e-01
9.820163720474049951e-01
9.794784499421734791e-01
9.772973330415738458e-01
9.754708786422464639e-01
9.739900104106651302e-01
9.728402779528855238e-01
9.720032927621020669e-01
9.714580036666174978e-01
9.711817907205075873e-01
9.711513696849601862e-01
9.713435096294269488e-01
9.717355738196430393e-01
9.723058992361713893e-01
9.730340331792316499e-01
9.739008469031597004e-01
9.748885465164965902e-01
9.759806008646019215e-01
9.771616050976402734e-01
9.784170973602925869e-01
9.797333446899962883e-01
9.810971128808264607e-01
9.824954338069832316e-01
9.839153825053272850e-01
9.853438751602358048e-01
9.867674979655569611e-01
9.881723755979068269e-01
9.895440866645471845e-01
9.908676319396834131e-01
9.921274594453459716e-01
9.933075484609247274e-01
9.943915523799824463e-01
9.953629980234874886e-01
9.962055366407290835e-01
9.969032394809120845e-01
9.974409286131469266e-01
9.978045317308228412e-01
9.979814481160844686e-01
9.979609118669144907e-01
9.977343379869325624e-01
9.972956370610074339e-01
9.966414850075943077e-01
9.957715357935358336e-01
9.946885669635516791e-01
9.933985502857886063e-01
9.919106426292995105e-01
9.902370952318366726e-01
9.883930826383167112e-01
9.863964556415797391e-01
9.842674253948764385e-01
9.820281883624814023e-01
9.797025038253772689e-01
9.773152371838030872e-01
9.748918832472808216e-01
9.724580840549736926e-01
9.700391555332739113e-01
9.676596365086684859e-01
9.653428723112539300e-01
9.631106435065238669e-01
9.609828482743443256e-01
9.589772447184254922e-01
9.571092570460105753e-01
9.553918472139100171e-01
9.538354513950901836e-01
9.524479785700437073e-01
9.512348667635545096e-01
9.501991909855274088e-01
9.493418158284759878e-01
9.486615849365412911e-01
9.481555391834836088e-01
9.478191553535977310e-01
9.476465973688671385e-01
9.476309725963645292e-01
9.477645864443825507e-01
9.480391892550015243e-01
9.484462103681474687e-01
9.489769751167167477e-01
9.496229013710510980e-01
9.503756730504530070e-01
9.512273887359553592e-01
9.521706841385404463e-01
9.531988276958109907e-01
9.543057889910125935e-01
9.554862800211482154e-01
9.567357696005038825e-01
9.580504713905320102e-01
9.594273062170630695e-01
9.608638394921706904e-01
9.623581947211211629e-01
9.639089442632143845e-01
9.655149787447067089e-01
9.671753568042041893e-01
9.688891371930201668e-01
9.706551956565306893e-01
9.724720294828524958e-01
9.743375531110542997e-01
9.762488887246398850e-01
9.782021562929827940e-01
9.801922680337117333e-01
9.822127327182889056e-01
9.842554755939418865e-01
9.863106799097696165e-01
9.883666560773247678e-01
9.904097443349584307e-01
9.924242563968467268e-01
9.943924609382116531e-01
9.962946168960810089e-01
9.981090574620884448e-01
9.998123263364490088e-01
1.001379366340286348e+00
1.002783758899204569e+00
1.003998011276505231e+00
1.004993886818579707e+00
1.005742771949357461e+00
1.006216072285618601e+00
1.006385629105231549e+00
1.006224146541426334e+00
1.005705619340664825e+00
1.004805750836876843e+00
1.003502350971151147e+00
1.001775704716276749e+00
9.996089021256313600e-01
9.969881223761317690e-01
9.939028655626069853e-01
9.903461275634043437e-01
9.863145149655982991e-01
9.818082987418411678e-01
9.768314070405189620e-01
9.713913590225697892e-01
9.654991430968759003e-01
9.591690441271213396e-01
9.524184251747479513e-01
9.452674700864922563e-01
9.377388937256174728e-01
9.298576268899587660e-01
9.216504829745335581e-01
9.131458132473481148e-01
9.043731572458845180e-01
8.953628943038969279e-01
8.861459016202172245e-01
8.767532236189531369e-01
8.672157566569292930e-01
8.575639524384581769e-01
8.478275428237763700e-01
8.380352880843749963e-01
8.282147500792349515e-01
8.183920913085649396e-01
8.085919003492086921e-01
7.988370437876494146e-01
7.891485444385022419e-01
7.795454853623648983e-01
7.700449389693349023e-01
7.606619203053287537e-01
7.514093634597771576e-01
7.422981198982698814e-01
7.333369774065693347e-01
7.245326982288738948e-01
7.158900748906819045e-01
7.074120021140877235e-01
6.990995631611404137e-01
6.909521288805419159e-01
6.829674676865742367e-01
6.751418646693378989e-01
6.674702480246276215e-01
6.599463210022072923e-01
6.525626976043177319e-01
6.453110403225593705e-01
6.381821982804180005e-01
6.311663442492552178e-01
6.242531091252665476e-01
6.174317125906081394e-01
6.106910888299117435e-01
6.040200063297567201e-01
5.974071809491018348e-01
5.908413816091999671e-01
5.843115281082619239e-01
5.778067807158222546e-01
5.713166213415221684e-01
5.648309262007679132e-01
5.583400300138161576e-01
5.518347818744785416e-01
5.453065930093723424e-01
5.387474767187557800e-01
5.321500808459778131e-01
5.255077131654387612e-01
5.188143601098155200e-01
5.120646992775181872e-01
5.052541061722811699e-01
4.983786556298909765e-01
4.914351183836688230e-01
4.844209532117609296e-01
4.773342950967070508e-01
4.701739398122115610e-01
4.629393253344343262e-01
4.556305104562062835e-01
4.482481509629735461e-01
4.407934737094961752e-01
4.332682489167063999e-01
4.256747609889841022e-01
4.180157781335552269e-01
4.102945210459179592e-01
4.025146309081450435e-01
3.946801369306505158e-01
3.867954236524347444e-01
3.788651981999541229e-01
3.708944576904634749e-01
3.628884569518988634e-01
3.548526767180371633e-01
3.467927924446912447e-01
3.387146438800341386e-01
3.306242055097419197e-01
3.225275579854564589e-01
3.144308606330946110e-01
3.063403251257400539e-01
2.982621903942817010e-01
2.902026988376052441e-01
2.821680738830325552e-01
2.741644989368922092e-01
2.661980977546022364e-01
2.582749162495457385e-01
2.504009057502918356e-01
2.425819077065178853e-01
2.348236398352337162e-01
2.271316836907688042e-01
2.195114736343788953e-01
2.119682871723822248e-01
2.045072366254021279e-01
1.971332620856413309e-01
1.898511256141122427e-01
1.826654066254252140e-01
1.755804984040783834e-01
1.686006056931902974e-01
1.617297432942375046e-01
1.549717356146123881e-01
1.483302170986246504e-01
1.418086334769547985e-01
1.354102437694398864e-01
1.291381229764355099e-01
1.229951653947739393e-01
1.169840884955210825e-01
1.111074373022423595e-01
1.053675892103064921e-01
9.976675918983146651e-02
9.430700531716122714e-02
8.899023458222349303e-02
8.381820892172478499e-02
7.879255143082736224e-02
7.391475270872958914e-02
6.918617729635942459e-02
6.460807016721432927e-02
6.018156323515165551e-02
5.590768184569926136e-02
5.178735122012964598e-02
4.782140282415537486e-02
4.401058063561722605e-02
4.035554728794567975e-02
3.685689006846721433e-02
3.351512675280456793e-02
3.033071125865377873e-02
2.730403910413795043e-02
2.443545265770903294e-02
2.172524616820731280e-02
1.917367056519875615e-02
1.678093802108133331e-02
1.454722626768975395e-02
1.247268266126152353e-02
1.055742799060712701e-02
8.801560024226164416e-03
7.205156792876267133e-03
5.768279604777961506e-03
4.490975791213698207e-03
3.373281180768485359e-03
2.415222300867528229e-03
1.616818305600032377e-03
9.780826290873183889e-04
4.990243638711340003e-04
1.796493639509259431e-04
1.996107223256292904e-05
