-2.439596617225085196e-01
-2.313497833347565869e-01
-2.183251497109769124e-01
-2.049709776547554152e-01
-1.913743878374696283e-01
-1.776235594331301015e-01
-1.638068728492704240e-01
-1.500120534984665799e-01
-1.363253296376067403e-01
-1.228306170177626416e-01
-1.096087424474830596e-01
-9.673671740458822388e-02
-8.428707157918274850e-02
-7.232725474874598937e-02
-6.091911373857938905e-02
-5.011844947657798088e-02
-3.997465738050082207e-02
-3.053045258712022703e-02
-2.182167990921260459e-02
-1.387720694419453116e-02
-6.718897503601439780e-03
-3.616615207695517142e-04
5.186423151692598488e-03
9.923922112001881679e-03
1.385579419787946742e-02
1.699308487678102830e-02
1.935256811560626122e-02
2.095634110057847943e-02
2.183137551179731295e-02
2.200902828204215345e-02
2.152451394058846335e-02
2.041633981752211113e-02
1.872570461971745370e-02
1.649586024102722703e-02
1.377143618581389006e-02
1.059772570808925618e-02
7.019932729260436322e-03
3.082378814080133367e-03
-1.172330039055702322e-03
-5.704176311930264642e-03
-1.047664215522153830e-02
-1.545765629376250061e-02
-2.062057283295953836e-02
-2.594517682891234189e-02
-3.141871016611896827e-02
-3.703691003996406605e-02
-4.280505122972474985e-02
-4.873898242301055728e-02
-5.486614614746967988e-02
-6.122657138905573948e-02
-6.787382770661473663e-02
-7.487592953397571860e-02
-8.231617929882620310e-02
-9.029393784862325967e-02
-9.892531028430548434e-02
-1.083437344524013357e-01
-1.187004577926264876e-01
-1.301648857136524229e-01
-1.429247808918978624e-01
-1.571862875731388498e-01
-1.731737478373247541e-01
-1.911292676357188025e-01
-2.113119790688854083e-01
-2.339969317955656047e-01
-2.594735307565685378e-01
-2.880434198974829996e-01
-3.200176929131777204e-01
-3.557132932448721085e-01
-3.954484481692724929e-01
-4.395369679802540452e-01
-4.882812338594630930e-01
-5.419637007645214943e-01
-6.008367590846170891e-01
-6.651108362574118527e-01
-7.349406828962321558e-01
-8.104098832263151309e-01
-8.915137620929232121e-01
-9.781410340130451964e-01
-1.070054753925456792e+00
-1.166873379528567956e+00
-1.268053029285809430e+00
-1.372872297190212088e+00
-1.480421233847884821e+00
-1.589596281931369148e+00
-1.699103013362179837e+00
-1.807468403829538106e+00
-1.913064051107763675e+00
-2.014141167244078545e+00
-2.108877349913469423e+00
-2.195434103672689208e+00
-2.272022922215570340e+00
-2.336976587109077297e+00
-2.388821347768365300e+00
-2.426344990780143540e+00
-2.448655629970892811e+00
-2.455226441097048351e+00
-2.445922532794616799e+00
-2.421007599792663001e+00
-2.381129770500123310e+00
-2.327287906458899158e+00
-2.260781288431017444e+00
-2.183146917120956765e+00
-2.096089419832629197e+00
-2.001408733598846190e+00
-1.900930369095555905e+00
-1.796442261438844668e+00
-1.689641142076658831e+00
-1.582090190001167240e+00
-1.475188592008152888e+00
-1.370152674606786025e+00
-1.268007532178215158e+00
-1.169587590250769304e+00
-1.075544296370612996e+00
-9.863590867973923704e-01
-9.023598856725139061e-01
-8.237396027033576651e-01
-7.505753589618007204e-01
-6.828474501846095723e-01
-6.204573253870320215e-01
-5.632440979690689353e-01
-5.109993075175012223e-01
-4.634798103269319181e-01
-4.204187968632535077e-01
-3.815350192593811030e-01
-3.465403670826900928e-01
-3.151459610084531571e-01
-2.870669473395696669e-01
-2.620261765359085393e-01
-2.397569402416909468e-01
-2.200049270669912072e-01
-2.025295401447486376e-01
-1.871047011198885834e-01
-1.735192470397011189e-01
-1.615770094636434784e-01
-1.510966495124257403e-01
-1.419113087933980832e-01
-1.338681242545426975e-01
-1.268276449925020977e-01
-1.206631807517040411e-01
-1.152601051357992068e-01
-1.105151312199266211e-01
-1.063355731065244447e-01
-1.026386038163209502e-01
-9.935051756904308973e-02
-9.640600282019257117e-02
-9.374743123417800250e-02
-9.132416696245990173e-02
-8.909190004965211740e-02
-8.701200742071157901e-02
-8.505094463568496632e-02
-8.317967137805426514e-02
-8.137311342571018624e-02
-7.960966360954785381e-02
-7.787072397362987397e-02
-7.614029100167007957e-02
-7.440458536313304672e-02
-7.265172716016804477e-02
-7.087145712966086419e-02
-6.905490368208583307e-02
-6.719439505198820939e-02
-6.528331520684604872e-02
-6.331600152608274357e-02
-6.128768163506292943e-02
-5.919444617554858734e-02
-5.703325373007467336e-02
-5.480196360887967799e-02
-5.249939176995777057e-02
-5.012538479049660767e-02
-4.768090655547668755e-02
-4.516813218893367399e-02
-4.259054373577281227e-02
-3.995302221446178637e-02
-3.726193090769758243e-02
-3.452518513909158537e-02
-3.175230429463962722e-02
-2.895444247868750320e-02
-2.614439493073414389e-02
-2.333657815226253263e-02
-2.054698257769219105e-02
-1.779309754258494303e-02
-1.509380922435824002e-02
-1.246927312321756409e-02
-9.940763480588456213e-03
-7.530502766752232569e-03
-5.261474979104632799e-03
-3.157226951719618868e-03
-1.241662165615331492e-03
4.611683465537280702e-04
1.927273493812345362e-03
3.132923785635025049e-03
4.054843377414962813e-03
4.670389338395225520e-03
4.957715727543915429e-03
4.895920915473139789e-03
4.465177508445300480e-03
3.646845172260326784e-03
2.423567575653429174e-03
7.793555308123201186e-04
-1.300340839622937672e-03
-3.828567472915878067e-03
-6.816805409311454955e-03
-1.027490941929448676e-02
-1.421104212501267394e-02
-1.863159975505551680e-02
-2.354112612985459485e-02
-2.894221214951953058e-02
-3.483537892452193141e-02
-4.121894372019818675e-02
-4.808886903817077840e-02
-5.543859638427361958e-02
-6.325886752119813661e-02
-7.153753721994393633e-02
-8.025938265198107047e-02
-8.940591555052779249e-02
-9.895520406581936879e-02
-1.088817118037732623e-01
-1.191561618369888498e-01
-1.297454334891612326e-01
-1.406124994082513791e-01
-1.517164098623675628e-01
-1.630123303305381910e-01
-1.744516373461799663e-01
-1.859820762236432667e-01
-1.975479828071777799e-01
-2.090905697843696842e-01
-2.205482764651398586e-01
-2.318571793072785603e-01
-2.429514589336105868e-01
-2.537639179929724875e-01
-2.642265430179104868e-01
-2.742711024663277986e-01
-2.838297724288276758e-01
-2.928357810500694658e-01
-3.012240625475124389e-01
-3.089319117957947114e-01
-3.158996307476374943e-01
-3.220711584395298255e-01
-3.273946769320494887e-01
-3.318231862066766125e-01
-3.353150417306483000e-01
-3.378344490616431717e-01
-3.393519104572886858e-01
-3.398446189559636843e-01
-3.392967957953267333e-01
-3.376999673394517898e-01
-3.350531779154978795e-01
-3.313631351504854883e-01
-3.266442845917606475e-01
-3.209188106398946361e-01
-3.142165611692467331e-01
-3.065748937034174504e-01
-2.980384416848205764e-01
-2.886588002503300832e-01
-2.784941320025965394e-01
-2.676086945351712765e-01
-2.560722928972528623e-01
