-2.785740483429083314e-03
-2.294983987236487444e-03
-1.893129106047081178e-03
-1.563431253582103775e-03
-1.291947778040050676e-03
-1.067207873897385584e-03
-8.799510342434035959e-04
-7.228912466951398219e-04
-5.904744552351348652e-04
-4.786105662359929624e-04
-3.843764487382328454e-04
-3.057005370630805352e-04
-2.410504312488348511e-04
-1.891505082623479161e-04
-1.487561451949948044e-04
-1.185049899826706721e-04
-9.685516417046180493e-05
-8.210753500015322004e-05
-7.249681298937549201e-05
-6.632662710703840503e-05
-6.211867583516550440e-05
-5.874634396085820498e-05
-5.552850775814022199e-05
-5.226834199301144679e-05
-4.923285550328948545e-05
-4.707948171422948747e-05
-4.674446587638048101e-05
-4.931278931319393877e-05
-5.589055346866267371e-05
-6.749853189547128096e-05
-8.500101633746037777e-05
-1.090784431546643063e-04
-1.402468185193184169e-04
-1.789225265714788904e-04
-2.255280521395452986e-04
-2.806323417569034362e-04
-3.451185220543773191e-04
-4.203710133157401163e-04
-5.084734611592867104e-04
-6.124084941602492282e-04
-7.362506360184817300e-04
-8.853455416916317100e-04
-1.066472837376597482e-03
-1.287996613019912195e-03
-1.560016806045685933e-03
-1.894545355575594225e-03
-2.305741501012703587e-03
-2.810249046874380152e-03
-3.427683085418853359e-03
-4.181313505017381082e-03
-5.098987643502639333e-03
-6.214325961033995149e-03
-7.568215029026603702e-03
-9.210614577717601836e-03
-1.120269294962211726e-02
-1.361931044353226206e-02
-1.655188360871667763e-02
-2.011168451561179404e-02
-2.443365423778809387e-02
-2.968083416315098200e-02
-3.604953575902752894e-02
-4.377537150844673652e-02
-5.314024871466696553e-02
-6.448037479888668599e-02
-7.819522727059305400e-02
-9.475729080521522185e-02
-1.147221406905816476e-01
-1.387381334990263615e-01
-1.675545233025103609e-01
-2.020262221712907647e-01
-2.431126370488292110e-01
-2.918670290101565978e-01
-3.494116874277012341e-01
-4.168930098915665794e-01
-4.954095957918294157e-01
-5.859061846364712611e-01
-6.890274698903586792e-01
-8.049295501700224342e-01
-9.330542304953661770e-01
-1.071883454490212273e+00
-1.218707642826463378e+00
-1.369460239409880264e+00
-1.518685706885277042e+00
-1.659710712804225885e+00
-1.785068428410599317e+00
-1.887177914423149527e+00
-1.959209418216662169e+00
-1.995991827190828571e+00
-1.994771347531880012e+00
-1.955638949319888686e+00
-1.881516232904791419e+00
-1.777703413095571339e+00
-1.651105721861614084e+00
-1.509323095858113639e+00
-1.359792596660623687e+00
-1.209123250497646129e+00
-1.062687805600313951e+00
-9.244657480953601958e-01
-7.970856670798125432e-01
-6.819968207678265282e-01
-5.797032867452514004e-01
-4.900094509335441995e-01
-4.122441128026795854e-01
-3.454467546548826151e-01
-2.885113127353713391e-01
-2.402899995286958412e-01
-1.996632897773680526e-01
-1.655832822148441408e-01
-1.370973208268309596e-01
-1.133577538638592119e-01
-9.362249779529291382e-02
-7.724991490813154504e-02
-6.369052311449763248e-02
-5.247726697392463002e-02
-4.321547932634867140e-02
-3.557322484487901448e-02
-2.927240781645068513e-02
-2.408081663025035679e-02
-1.980514177360198635e-02
-1.628492269462555875e-02
-1.338733621759696790e-02
-1.100272333178492490e-02
-9.040752830993259437e-03
-7.427132202752984025e-03
-6.100792700044654904e-03
-5.011492379252746598e-03
-4.117795000343121847e-03
-3.385392193352099177e-03
