8.688409374295069654e-02
8.594372026945662491e-02
8.313987952465895503e-02
7.852410931952580331e-02
7.218131430643515145e-02
6.422832072001782855e-02
5.481193422551156047e-02
4.410657442271864737e-02
3.231157012351304481e-02
1.964820313446402622e-02
6.356584347610938490e-03
-7.307565567923168803e-03
-2.107617710756914953e-02
-3.467210508476840231e-02
-4.781241291470282595e-02
-6.021169689012822318e-02
-7.158550799757408545e-02
-8.165395307275571946e-02
-9.014557360859792867e-02
-9.680160612858168534e-02
-1.013807199446753460e-01
-1.036643042686850591e-01
-1.034623360139005910e-01
-1.006198025454320688e-01
-9.502358208529559924e-02
-8.660960225471128759e-02
-7.537001002330553923e-02
-6.136000154316342825e-02
-4.470388670893100935e-02
-2.559991017687468506e-02
-4.323327058647168791e-03
1.877275481272448754e-02
4.325919831779820313e-02
6.863565926835205055e-02
9.433860118700534980e-02
1.197525249236458533e-01
1.442242437716188541e-01
1.670798381683397116e-01
1.876437390383454140e-01
2.052592313299338445e-01
2.193095528892573531e-01
2.292386982903001913e-01
2.345710278371418434e-01
2.349288293658496896e-01
2.300470814218902316e-01
2.197848145341296799e-01
2.041326540999429673e-01
1.832163436066872597e-01
1.572962786899742560e-01
1.267633170812627053e-01
9.213135070967043427e-02
5.402731557803391871e-02
1.317945224628658263e-02
-2.959530566054524581e-02
-7.340396375575197752e-02
-1.172893987451086306e-01
-1.602411062491823912e-01
-2.012046189714841726e-01
-2.390898666325746436e-01
-2.727792093908563142e-01
-3.011363300360470618e-01
-3.230175548698402399e-01
-3.372874181535285842e-01
-3.428403168527451306e-01
-3.386298534495048029e-01
-3.237068845549673224e-01
-2.972663639398347435e-01
-2.587018214036071462e-01
-2.076648491057215551e-01
-1.441254433518508460e-01
-6.842770959785351992e-02
1.866543786919538928e-02
1.159450872510089103e-01
2.217523530759030193e-01
3.340015126733523743e-01
4.502315027572280637e-01
5.676838806224675515e-01
6.834022494034983630e-01
7.943456669267718873e-01
8.975072034765727569e-01
9.900288584555199112e-01
1.069305446655426373e+00
1.133072459977129576e+00
1.179475707833375964e+00
1.207123071319089025e+00
1.215120403991390319e+00
1.203094151787043042e+00
1.171202644813535310e+00
1.120136550010484289e+00
1.051107214412156932e+00
9.658202146155312473e-01
8.664309267408090154e-01
7.554796844699381841e-01
6.358061130221708268e-01
5.104451727508911851e-01
3.825106909851263559e-01
2.550749443903954639e-01
1.310544777072444877e-01
1.311235502377568196e-02
-9.641465468851266596e-02
-1.955585709447711928e-01
-2.827309502759666193e-01
-3.567045714462212525e-01
-4.165723142055375305e-01
-4.616920263390810741e-01
-4.916273969761967289e-01
-5.060947140400340327e-01
-5.049240123886935550e-01
-4.880407635671314415e-01
-4.554712224341402327e-01
-4.073711567572020353e-01
-3.440742801842227028e-01
-2.661536358064890972e-01
-1.744867963497963304e-01
-7.031440741552250073e-02
4.471840723416973390e-02
1.685467771473746490e-01
2.987030371234469239e-01
4.323679626666153131e-01
5.664538207934188829e-01
6.977125050205912338e-01
8.228588304045021395e-01
9.386975674423492233e-01
1.042243265807838437e+00
1.130824189770857302e+00
1.202165173265895115e+00
1.254448055537049189e+00
1.286351684664299722e+00
1.297075562517650660e+00
1.286351684664256201e+00
1.254448055536963036e+00
1.202165173265769216e+00
1.130824189770694321e+00
1.042243265807642372e+00
9.386975674421254023e-01
8.228588304042563362e-01
6.977125050203296652e-01
5.664538207931478775e-01
4.323679626663420872e-01
2.987030371231774173e-01
1.685467771471153564e-01
4.471840723392570688e-02
-7.031440741574669639e-02
-1.744867963499968644e-01
-2.661536358066629027e-01
-3.440742801843681420e-01
-4.073711567573173320e-01
-4.554712224342245541e-01
-4.880407635671842881e-01
-5.049240123887146492e-01
-5.060947140400233746e-01
-4.916273969761552620e-01
-4.616920263390087431e-01
-4.165723142054347239e-01
-3.567045714460892469e-01
-2.827309502758065252e-01
-1.955585709445850640e-01
-9.641465468830290320e-02
1.311235502400557792e-02
1.310544777074901801e-01
2.550749443906522584e-01
3.825106909853888126e-01
5.104451727511530867e-01
6.358061130224262891e-01
7.554796844701809899e-01
8.664309267410333915e-01
9.658202146157315315e-01
1.051107214412328350e+00
1.120136550010622400e+00
1.171202644813637228e+00
1.203094151787106991e+00
1.215120403991414744e+00
1.207123071319074370e+00
1.179475707833322673e+00
1.133072459977039870e+00
1.069305446655302916e+00
9.900288584553669224e-01
8.975072034763942330e-01
7.943456669265733794e-01
6.834022494032854222e-01
5.676838806222462841e-01
4.502315027570041872e-01
3.340015126731313844e-01
2.217523530756900785e-01
1.159450872508090147e-01
1.866543786901171675e-02
-6.842770959801720843e-02
-1.441254433519928435e-01
-2.076648491058406543e-01
-2.587018214037026254e-01
-2.972663639399069080e-01
-3.237068845550166718e-01
-3.386298534495321144e-01
-3.428403168527518474e-01
-3.372874181535164828e-01
-3.230175548698113741e-01
-3.011363300360027084e-01
-2.727792093907986937e-01
-2.390898666325054489e-01
-2.012046189714053468e-01
-1.602411062490961269e-01
-1.172893987450163156e-01
-7.340396375565610976e-02
-2.959530566044693556e-02
1.317945224638522594e-02
5.402731557813122976e-02
9.213135070976452567e-02
1.267633170813524668e-01
1.572962786900575782e-01
1.832163436067634210e-01
2.041326541000102468e-01
2.197848145341878556e-01
2.300470814219383597e-01
2.349288293658874371e-01
2.345710278371689883e-01
2.292386982903174553e-01
2.193095528892642365e-01
2.052592313299306248e-01
1.876437390383338677e-01
1.670798381683200051e-01
1.442242437715921533e-01
1.197525249236131017e-01
9.433860118696812957e-02
6.863565926831138864e-02
4.325919831775545954e-02
1.877275481268060597e-02
-4.323327058690276670e-03
-2.559991017691699844e-02
-4.470388670897092187e-02
-6.136000154320020439e-02
-7.537001002333856836e-02
-8.660960225473979257e-02
-9.502358208531908046e-02
-1.006198025454505540e-01
-1.034623360139137194e-01
-1.036643042686929417e-01
-1.013807199446777885e-01
-9.680160612857896529e-02
-9.014557360859043467e-02
-8.165395307274334047e-02
-7.158550799755780680e-02
-6.021169689010805876e-02
-4.781241291468000393e-02
-3.467210508474320024e-02
-2.107617710754243479e-02
-7.307565567895552006e-03
6.356584347638805088e-03
1.964820313449178180e-02
3.231157012353952362e-02
4.410657442274340534e-02
5.481193422553404249e-02
6.422832072003725745e-02
7.218131430645158275e-02
7.852410931953834883e-02
8.313987952466728171e-02
8.594372026946095477e-02
