4.750939736404280467e-02
4.789873355107321373e-02
4.721826223258684951e-02
4.542074784258898212e-02
4.248039575500683895e-02
3.839493087071144117e-02
3.318727994784070878e-02
2.690680185100063904e-02
1.963002184472906197e-02
1.146083819585025365e-02
2.530180719500646491e-03
-7.004889383600054753e-03
-1.696264171866611326e-02
-2.713869974504140581e-02
-3.730862196143761716e-02
-4.723103957682491666e-02
-5.665135188684253253e-02
-6.530598394195900880e-02
-7.292721319279726888e-02
-7.924857051770631267e-02
-8.401081408986918464e-02
-8.696845970820496485e-02
-8.789682665961581765e-02
-8.659952279308302803e-02
-8.291624625707237628e-02
-7.673072569068295490e-02
-6.797855862882522249e-02
-5.665464426895100436e-02
-4.281984790968283716e-02
-2.660648782084035213e-02
-8.222209004983015157e-03
1.204819025842157609e-02
3.384337812987477101e-02
5.672888229041896102e-02
8.020347498960835042e-02
1.037086279979828329e-01
1.266409510033634778e-01
1.483673507085406518e-01
1.682424737837057704e-01
1.856278395921615032e-01
1.999119418639759282e-01
2.105305132811508273e-01
2.169861106679450147e-01
2.188661944771675971e-01
2.158589439123103915e-01
2.077661643315609208e-01
1.945127998784100254e-01
1.761527528187757097e-01
1.528709212490168279e-01
1.249815861763213520e-01
9.292349280642918374e-02
5.725216227149063086e-02
1.863012015378678887e-02
-2.218418261169707861e-02
-6.434797096337685485e-02
-1.069455675025916680e-01
-1.489991185643834426e-01
-1.894783924164075428e-01
-2.273097853795888468e-01
-2.613850943372885149e-01
-2.905710480406337726e-01
-3.137209781707933631e-01
-3.296902873427392522e-01
-3.373574629456980167e-01
-3.356522231982965176e-01
-3.235919086938227607e-01
-3.003264201763028440e-01
-2.651908664535022608e-01
-2.177637004417902755e-01
-1.579266326254903374e-01
-8.592123625811388943e-02
-2.396164966167547983e-03
9.156143246643941302e-02
1.944161705895571246e-01
3.042007068090738509e-01
4.185599783247782590e-01
5.348223338305662100e-01
6.500933925260553581e-01
7.613658232802504866e-01
8.656365858718011452e-01
9.600228479267218784e-01
1.041868826410901949e+00
1.108837923695772387e+00
1.158987204054919617e+00
1.190823840330357708e+00
1.203345060854059678e+00
1.196063960170412610e+00
1.169023223282688040e+00
1.122797589124170603e+00
1.058484233726763257e+00
9.776788005481800159e-01
8.824341230807458691e-01
7.751991615241231592e-01
6.587373952163267932e-01
5.360266145787433434e-01
4.101451825967245002e-01
2.841526642106578793e-01
1.609745509454881540e-01
4.330114158719817335e-02
-6.649068403255564697e-02
-1.663868353109206888e-01
-2.547542787908032014e-01
-3.303299462488165084e-01
-3.921856197799871158e-01
-4.396768027078461483e-01
-4.723850241538005701e-01
-4.900631482942326977e-01
-4.925921719979228230e-01
-4.799559266194021179e-01
-4.522373449130898670e-01
-4.096368278413451414e-01
-3.525100668474267507e-01
-2.814197631726754745e-01
-1.971933545724947057e-01
-1.009774157756470059e-01
5.720900517083384040e-03
1.210140161542615500e-01
2.426420237267477575e-01
3.680117408738672879e-01
4.942658101714950680e-01
6.183770472202954060e-01
7.372600834701468209e-01
8.478905029512922020e-01
9.474214526136625070e-01
1.033289076899836623e+00
1.103300693684587941e+00
1.155702738943686025e+00
1.189228424497461578e+00
1.203127146024554506e+00
1.197178577290090917e+00
1.171694060634847823e+00
1.127506649817217932e+00
1.065949510312556470e+00
9.888209541981596296e-01
8.983337286958066326e-01
7.970466212182973909e-01
6.877780173444653089e-01
5.735034623645458574e-01
4.572419949034514097e-01
3.419383952720443376e-01
2.303499339522810940e-01
1.249463433622671760e-01
2.783050187538919223e-02
-5.931504260866075212e-02
-1.352535961675281062e-01
-1.991928707257807352e-01
-2.507601964611072543e-01
-2.899598661710658387e-01
-3.171189511535948968e-01
-3.328278657825480824e-01
-3.378811540348536369e-01
-3.332226921106821171e-01
-3.198980233086372027e-01
-2.990151012492648364e-01
-2.717134859566464056e-01
-2.391411123313129661e-01
-2.024371656854465074e-01
-1.627193381894811441e-01
-1.210737543902052904e-01
-7.854607676570682373e-02
-3.613266121625764715e-02
5.228941916750967644e-03
4.467041376275546205e-02
8.140390208607228839e-02
1.147336336116997341e-01
1.440672523373327796e-01
1.689261153428444073e-01
1.889537575717783469e-01
2.039218017627313917e-01
2.137327217024844461e-01
2.184190467755261766e-01
2.181388041290280855e-01
2.131672140165680462e-01
2.038848686090439788e-01
1.907628215791508097e-01
1.743451838751150229e-01
1.552299509228572683e-01
1.340488706206520997e-01
1.114471949543291845e-01
8.806413904652574121e-02
6.451480193140117503e-02
4.137418938298373372e-02
1.916383064039220430e-02
-1.658689221933365432e-03
-2.070713671530402533e-02
-3.767100239959284003e-02
-5.231701333996302550e-02
-6.448808042512371719e-02
-7.410005977223386997e-02
-8.113675460076168189e-02
-8.564359605410713783e-02
-8.772042361551522782e-02
-8.751374508216042125e-02
-8.520880044561268685e-02
-8.102169123127390959e-02
-7.519177367668967993e-02
-6.797445591869356873e-02
-5.963448975151931786e-02
-5.043980845412875114e-02
-4.065593409442843503e-02
-3.054095981944318638e-02
-2.034110329889184110e-02
-1.028682457658627869e-02
-5.895028044265449019e-04
8.561330506376085836e-03
1.700020087675546687e-02
2.458734026959974450e-02
3.120977450949186105e-02
3.678185020613849998e-02
4.124520909625040144e-02
4.456822670729398972e-02
4.674494315678212608e-02
4.779352588857299633e-02
4.775431626774162552e-02
4.668752325163738615e-02
4.467063693858819295e-02
4.179564191248197336e-02
3.816611437939532170e-02
3.389428777586217523e-02
2.909816869409886930e-02
2.389877872675533199e-02
1.841758850868291386e-02
1.277419833993054255e-02
7.084305974553589680e-03
1.457987215651268542e-03
-4.001700321954487771e-03
-9.199794728377390374e-03
-1.405020662669212092e-02
-1.847622504796221643e-02
-2.241079138028329032e-02
-2.579658691689915018e-02
-2.858598301361400806e-02
-3.074090328168258002e-02
-3.223264468941344774e-02
-3.304169916695406939e-02
-3.315760967155736982e-02
-3.257888514483431308e-02
-3.131298792744752202e-02
-2.937639559280982859e-02
-2.679472745114547250e-02
-2.360291479438247908e-02
-1.984538391569139193e-02
-1.557621261419508962e-02
-1.085921478412073954e-02
-5.767904192541355168e-03
-3.852879576464046663e-04
5.196557300112203404e-03
1.087716815162154127e-02
1.654866902029739073e-02
2.209706098224012427e-02
2.740383385140854333e-02
3.234789621552025540e-02
3.680780287840490494e-02
4.066424401795254440e-02
4.380274609956125165e-02
4.611652197674054321e-02
