1.308208564211243985e+00
1.297207836083317467e+00
1.264481258679837961e+00
1.210852244158477919e+00
1.137680387860277254e+00
1.046837879512516389e+00
9.406690326436702998e-01
8.219285252231737227e-01
6.936961767390982248e-01
5.592696457478296690e-01
4.220405453275612451e-01
2.853631774490407724e-01
1.524274687919969506e-01
2.614812831493058820e-02
-9.091963089149221466e-02
-1.966309474286197512e-01
-2.892664909767175274e-01
-3.675145624019904855e-01
-4.304269696510787391e-01
-4.773585616841522494e-01
-5.079017530340903530e-01
-5.218271904481710521e-01
-5.190400756072592880e-01
-4.995588833746992252e-01
-4.635196908332104293e-01
-4.112054664690147909e-01
-3.430958712868563132e-01
-2.599298043876976383e-01
-1.627704890536579019e-01
-5.306171324002941642e-02
6.733580874687959683e-02
1.961369910210633838e-01
3.306593939227269185e-01
4.678857121819694487e-01
6.045578727742867420e-01
7.372945587009459567e-01
8.627210316267358570e-01
9.775991422170510203e-01
1.078946546002916840e+00
1.164137052552585150e+00
1.230977985144561249e+00
1.277764459015938492e+00
1.303313673020775276e+00
1.306983989328750040e+00
1.288683498868928190e+00
1.248871139744458958e+00
1.188550839329039821e+00
1.109256408488650703e+00
1.013022883374474770e+00
9.023393715524313796e-01
7.800795585511157704e-01
6.494087706906491730e-01
5.136703336088327410e-01
3.762580525733814074e-01
2.404849950090910682e-01
1.094605383070390847e-01
-1.401262679523289714e-02
-1.275121832327983651e-01
-2.290351586468811484e-01
-3.170015600418230051e-01
-3.902267913578896796e-01
-4.478708782660580368e-01
-4.893750493793206924e-01
-5.143971226445649414e-01
-5.227564507402981953e-01
-5.143971226445315237e-01
-4.893750493792534129e-01
-4.478708782659583387e-01
-3.902267913577579517e-01
-3.170015600416606349e-01
-2.290351586466902456e-01
-1.275121832325815385e-01
-1.401262679499416450e-02
1.094605383072959903e-01
2.404849950093602140e-01
3.762580525736567982e-01
5.136703336091079652e-01
6.494087706909176250e-01
7.800795585513705666e-01
9.023393715526663028e-01
1.013022883374683047e+00
1.109256408488827672e+00
1.188550839329180153e+00
1.248871139744559766e+00
1.288683498868986366e+00
1.306983989328764917e+00
1.303313673020745744e+00
1.277764459015865883e+00
1.230977985144447118e+00
1.164137052552432161e+00
1.078946546002729878e+00
9.775991422168345268e-01
8.627210316264950496e-01
7.372945587006872747e-01
6.045578727740167357e-01
4.678857121816947795e-01
3.306593939224547474e-01
1.961369910207997336e-01
6.733580874663032401e-02
-5.306171324025969749e-02
-1.627704890538645699e-01
-2.599298043878780495e-01
-3.430958712870079141e-01
-4.112054664691361383e-01
-4.635196908332991916e-01
-4.995588833747554580e-01
-5.190400756072821586e-01
-5.218271904481601720e-01
-5.079017530340452780e-01
-4.773585616840743118e-01
-4.304269696509681054e-01
-3.675145624018472112e-01
-2.892664909765447767e-01
-1.966309474284186065e-01
-9.091963089126657571e-02
2.614812831517772038e-02
1.524274687922597127e-01
2.853631774493147755e-01
4.220405453278398000e-01
5.592696457481061145e-01
6.936961767393652334e-01
8.219285252234249661e-01
9.406690326438988947e-01
1.046837879512716452e+00
1.137680387860443787e+00
1.210852244158606705e+00
1.264481258679926112e+00
1.297207836083361876e+00
1.308208564211243985e+00
1.297207836083317467e+00
1.264481258679837961e+00
1.210852244158477919e+00
1.137680387860277254e+00
1.046837879512516389e+00
9.406690326436705218e-01
8.219285252231739447e-01
6.936961767390984468e-01
5.592696457478298910e-01
4.220405453275614671e-01
2.853631774490409945e-01
1.524274687919971727e-01
2.614812831493078249e-02
-9.091963089149204813e-02
-1.966309474286196401e-01
-2.892664909767174164e-01
-3.675145624019903745e-01
-4.304269696510787391e-01
-4.773585616841522494e-01
-5.079017530340903530e-01
-5.218271904481710521e-01
-5.190400756072592880e-01
-4.995588833746993362e-01
-4.635196908332105403e-01
-4.112054664690149020e-01
-3.430958712868564242e-01
-2.599298043876977493e-01
-1.627704890536580684e-01
-5.306171324002959683e-02
6.733580874687940254e-02
1.961369910210631617e-01
3.306593939227266965e-01
4.678857121819692266e-01
6.045578727742865199e-01
7.372945587009457347e-01
8.627210316267356349e-01
9.775991422170507983e-01
1.078946546002916840e+00
1.164137052552585150e+00
1.230977985144561249e+00
1.277764459015938492e+00
1.303313673020775276e+00
1.306983989328750040e+00
1.288683498868928190e+00
1.248871139744458958e+00
1.188550839329039821e+00
1.109256408488650703e+00
1.013022883374474770e+00
9.023393715524316017e-01
7.800795585511159924e-01
6.494087706906493951e-01
5.136703336088329630e-01
3.762580525733816295e-01
2.404849950090912902e-01
1.094605383070393068e-01
-1.401262679523269591e-02
-1.275121832327981986e-01
-2.290351586468809819e-01
-3.170015600418228940e-01
-3.902267913578895686e-01
-4.478708782660579257e-01
-4.893750493793206924e-01
-5.143971226445649414e-01
-5.227564507402981953e-01
-5.143971226445315237e-01
-4.893750493792535239e-01
-4.478708782659584497e-01
-3.902267913577580627e-01
-3.170015600416607460e-01
-2.290351586466904121e-01
-1.275121832325817051e-01
-1.401262679499436573e-02
1.094605383072957683e-01
2.404849950093599920e-01
3.762580525736565762e-01
5.136703336091077432e-01
6.494087706909174029e-01
7.800795585513703445e-01
9.023393715526660808e-01
1.013022883374683047e+00
1.109256408488827672e+00
1.188550839329180153e+00
1.248871139744559766e+00
1.288683498868986366e+00
1.306983989328764917e+00
1.303313673020745744e+00
1.277764459015865883e+00
1.230977985144447118e+00
1.164137052552432161e+00
1.078946546002729878e+00
9.775991422168347489e-01
8.627210316264952716e-01
7.372945587006874968e-01
6.045578727740169578e-01
4.678857121816951126e-01
3.306593939224550804e-01
1.961369910208000666e-01
6.733580874663062932e-02
-5.306171324025939218e-02
-1.627704890538642923e-01
-2.599298043878778275e-01
-3.430958712870076921e-01
-4.112054664691359163e-01
-4.635196908332990806e-01
-4.995588833747553470e-01
-5.190400756072821586e-01
-5.218271904481601720e-01
-5.079017530340452780e-01
-4.773585616840744228e-01
-4.304269696509682164e-01
-3.675145624018473223e-01
-2.892664909765448877e-01
-1.966309474284187730e-01
-9.091963089126671449e-02
2.614812831517758854e-02
1.524274687922596017e-01
2.853631774493146644e-01
4.220405453278396890e-01
5.592696457481061145e-01
6.936961767393652334e-01
8.219285252234249661e-01
9.406690326438988947e-01
1.046837879512716452e+00
1.137680387860443787e+00
1.210852244158606705e+00
1.264481258679926112e+00
1.297207836083361876e+00
