1.794284996826297704e-02
1.794284997201533657e-02
1.794284999753150214e-02
1.794285008083302407e-02
1.794285027594893361e-02
1.794285065491183981e-02
1.794285130775315554e-02
1.794285234249667904e-02
1.794285388515000357e-02
1.794285607969468149e-02
1.794285908807522617e-02
1.794286309018639294e-02
1.794286828385746255e-02
1.794287488483348528e-02
1.794288312675492922e-02
1.794289326113563537e-02
1.794290555733845521e-02
1.794292030254607956e-02
1.794293780172704494e-02
1.794295837759938769e-02
1.794298237059140447e-02
1.794301013879779153e-02
1.794304205793062143e-02
1.794307852126473049e-02
1.794311993957635118e-02
1.794316674107650222e-02
1.794321937134081557e-02
1.794327829323006870e-02
1.794334398680257417e-02
1.794341694922177780e-02
1.794349769465258468e-02
1.794358675414781806e-02
1.794368467553008467e-02
1.794379202325987327e-02
1.794390937829232896e-02
1.794403733792615876e-02
1.794417651563759084e-02
1.794432754090272489e-02
1.794449105901000860e-02
1.794466773085389225e-02
1.794485823270936323e-02
1.794506325600320890e-02
1.794528350706527803e-02
1.794551970685529657e-02
1.794577259067372393e-02
1.794604290786091377e-02
1.794633142147405297e-02
1.794663890793815608e-02
1.794696615668379958e-02
1.794731396975476900e-02
1.794768316139348785e-02
1.794807455760893608e-02
1.794848899570901032e-02
1.794892732381974873e-02
1.794939040036408820e-02
1.794987909351881614e-02
1.795039428064525502e-02
1.795093684767179801e-02
1.795150768847013009e-02
1.795210770418258564e-02
1.795273780251964782e-02
1.795339889702295480e-02
1.795409190628466725e-02
1.795481775314217501e-02
1.795557736382641031e-02
1.795637166706517268e-02
1.795720159315873643e-02
1.795806807300001640e-02
1.795897203706538908e-02
1.795991441434236641e-02
1.796089613122101719e-02
1.796191811035222768e-02
1.796298126942659501e-02
1.796408651992951327e-02
1.796523476583557211e-02
1.796642690225444539e-02
1.796766381401625895e-02
1.796894637421546370e-02
1.797027544268943455e-02
1.797165186443966042e-02
1.797307646800633610e-02
1.797455006377569886e-02
1.797607344223138559e-02
1.797764737214823869e-02
1.797927259871928349e-02
1.798094984162619189e-02
1.798267979305091455e-02
1.798446311561759450e-02
1.798630044027270045e-02
1.798819236411744113e-02
1.799013944815383917e-02
1.799214221498461261e-02
1.799420114643981647e-02
1.799631668114578392e-02
1.799848921203735935e-02
1.800071908379535096e-02
1.800300659023599398e-02
1.800535197163696463e-02
1.800775541200017385e-02
1.801021703626519768e-02
1.801273690746519815e-02
1.801531502382424862e-02
1.801795131581132928e-02
1.802064564314804357e-02
1.802339779177667550e-02
1.802620747076486007e-02
1.802907430918626597e-02
1.803199785299305219e-02
1.803497756181415140e-02
1.803801280576157462e-02
1.804110286221622533e-02
1.804424691259370883e-02
1.804744403911319461e-02
1.805069322156140424e-02
1.805399333407489357e-02
1.805734314194810952e-02
1.806074129846732546e-02
1.806418634172752419e-02
1.806767669140753318e-02
1.807121064563250654e-02
1.807478637856979251e-02
1.807840193977664975e-02
1.808205525483770962e-02
1.808574411923054986e-02
1.808946616250702022e-02
1.809321875692561019e-02
1.809699892717196376e-02
1.810080363118058908e-02
1.810463141713052407e-02
1.810848690000699257e-02
1.811238719397143676e-02
1.811635718293128083e-02
1.812036301339316896e-02
1.812404487197610825e-02
1.812593866309666901e-02
1.812159815828322598e-02
1.809966197149973435e-02
1.803455645581199251e-02
1.787441337209715736e-02
1.752325576708740895e-02
1.681793985785538792e-02
1.550293521788176539e-02
1.320953669331499138e-02
9.449616362322945176e-03
3.635958201282445904e-03
-4.860304603591872850e-03
-1.661100089240924449e-02
-3.199800207502441485e-02
-5.106687998283632179e-02
-7.340012352622737879e-02
-9.804830127007554963e-02
-1.235520913800659815e-01
-1.480707969241279731e-01
-1.696071858563657775e-01
-1.862914422061111852e-01
-1.966674616940903841e-01
-1.999197573830382435e-01
-1.959913723314087586e-01
-1.855691721788342574e-01
-1.699447816033461123e-01
-1.507875664052224229e-01
-1.298825492463328013e-01
-1.088874613741671604e-01
-8.915086409662575928e-02
-7.161289882599009005e-02
-5.678868052945794387e-02
-4.481752968382431146e-02
-3.555235884654022599e-02
-2.866277808912217132e-02
-2.373075608751386636e-02
-2.032586001262755640e-02
-1.805529906210649391e-02
-1.659028954942154063e-02
-1.567389615078067927e-02
-1.511668534862354099e-02
-1.478598038908660733e-02
-1.459307725254876259e-02
-1.448115955760800183e-02
-1.441526406251391820e-02
-1.437467283067448906e-02
-1.434754208936957903e-02
-1.432732995804520022e-02
-1.431054118198419288e-02
-1.429536829774476908e-02
-1.428090709711472839e-02
-1.426672117376815915e-02
-1.425260893033908349e-02
-1.423848306477942631e-02
-1.422430998637326006e-02
-1.421007959060466980e-02
-1.419578878827350288e-02
-1.418142830739934843e-02
-1.416696322219016327e-02
-1.415229355968159082e-02
-1.413717096980124897e-02
-1.412102862342717868e-02
-1.410265203437498921e-02
-1.407957813351303628e-02
-1.404706339770175547e-02
-1.399642250304604374e-02
-1.391253130915720559e-02
-1.377034625208355817e-02
-1.353045235887467140e-02
-1.313393564539607448e-02
-1.249726873128743053e-02
-1.150833381927483974e-02
-1.002506084498683801e-02
-7.878271636880887496e-03
-4.880047163916827364e-03
-8.382035690378398900e-04
4.423668221380235716e-03
1.104247028625716769e-02
1.909124853221830231e-02
2.855804317850187818e-02
3.933177162255951237e-02
5.119817952053670046e-02
6.384741102517609013e-02
7.689288560285348351e-02
8.989933329775376403e-02
1.024164222794998053e-01
1.140136824365850371e-01
1.243124793174812948e-01
1.330115361894545489e-01
1.399037163223985636e-01
1.448831792958161779e-01
1.479433435643110750e-01
1.491671205400871558e-01
1.487115260977140418e-01
1.467890105182171334e-01
1.436477366015158907e-01
1.395526786894082105e-01
1.347689248042383825e-01
1.295480405777831578e-01
1.241178727100974016e-01
1.186757777131420138e-01
1.133849782249255478e-01
1.083735732166137833e-01
1.037356457476187599e-01
9.953390187775854048e-02
9.580331493702089196e-02
9.255532061921391274e-02
8.978219407505048932e-02
8.746132833609464308e-02
8.555921597512157473e-02
8.403500818243954396e-02
8.284358521901677430e-02
8.193811908163392554e-02
8.127214391614359656e-02
8.080117363345026837e-02
8.048392101181310598e-02
8.028318005900257626e-02
8.016643521044067300e-02
8.010625851621955285e-02
8.008055054708060339e-02
8.007267330569203811e-02
8.007151470577034136e-02
