-1.171356969753567512e-10
-1.170947158679602751e-10
-1.168164974474361628e-10
-1.159084115579661622e-10
-1.137792848219382202e-10
-1.096322121627024693e-10
-1.024497908383437128e-10
-9.096733945539864363e-11
-7.363330680864449418e-11
-4.856260191069342036e-11
-1.349966671651894878e-11
3.416666206684446094e-11
9.725723129410876466e-11
1.783970235804451659e-10
2.791531450170147560e-10
3.984427066102270813e-10
5.298681641225494975e-10
6.576445704613745704e-10
7.509311973756627808e-10
7.568498616357088442e-10
5.934915121106589599e-10
1.461336378427417826e-10
-7.269935452481361532e-10
-2.168574772242344406e-09
-4.259552099860088279e-09
-6.899544270304348425e-09
-9.611492227185996153e-09
-1.126795174743697332e-08
-9.782037912064411051e-09
-1.900327360984031860e-09
1.660346328954528769e-08
4.980518475861585052e-08
9.879922840643011512e-08
1.562687938294907607e-07
1.979275517813218614e-07
1.717265611237732011e-07
-1.095718828148228705e-08
-4.718407301565194294e-07
-1.330509407741777391e-06
-2.607412073770549977e-06
-4.028710464779024583e-06
-4.707196046200738193e-06
-2.723511554773497398e-06
5.245296568046075875e-06
2.386746736567801246e-05
5.790526760579908783e-05
1.084823185491402137e-04
1.649847283720531736e-04
1.902333082401844004e-04
9.653716533392650914e-05
-2.888818885446631408e-04
-1.268345881878780654e-03
-3.323388593114965164e-03
-7.159582485651996321e-03
-1.373060574821768909e-02
-2.422117022468014275e-02
-3.996797263235627590e-02
-6.230399256873640768e-02
-9.232575649396292106e-02
-1.306047599794701031e-01
-1.768889934642214612e-01
-2.298612799481923319e-01
-2.870292856475124554e-01
-3.448104698242146493e-01
-3.988416309174901975e-01
-4.444921037827809784e-01
-4.775044042840666525e-01
-4.946428142383405557e-01
-4.942144551359112237e-01
-4.763470221034074026e-01
-4.429596067921361957e-01
-3.974339216303172662e-01
-3.440621087211911955e-01
-2.873941157387209788e-01
-2.316199252852666479e-01
-1.800989409369598004e-01
-1.351008236072289981e-01
-9.776573906959185045e-02
-6.824403966552339273e-02
-4.594709039079018092e-02
-2.983539966392709936e-02
-1.868322467314905561e-02
-1.128195930554287685e-02
-6.568983603908536487e-03
-3.687765050165792494e-03
-1.995964914037390292e-03
-1.041462121521730122e-03
-5.238595096283895107e-04
-2.540099301481678253e-04
-1.187241246686298815e-04
-5.348992947352755221e-05
-2.322987488943205710e-05
-9.724458813456528963e-06
-3.924052233437501930e-06
-1.526395994991064107e-06
-5.723745754284987300e-07
-2.069181495903478297e-07
-7.212252264365124741e-08
-2.423821691501772512e-08
-7.823155363285164874e-09
-2.401280794049397556e-09
-9.374632143098738453e-10
-9.569474161764785663e-10
4.434961031588443196e-10
7.150217797267194883e-09
9.607838130396417962e-09
-3.918322770659765444e-08
-1.681251727962960644e-07
-9.651799141176260592e-08
1.090102747502934137e-06
3.857459122275246391e-06
3.193376151231427386e-06
-1.938262998041880914e-05
-9.077327822811772978e-05
-1.849882554944865952e-04
-4.132261083091243008e-05
1.177086483505230359e-03
5.317376565076057521e-03
1.553018669833526946e-02
3.606710621589319377e-02
7.129919528943247375e-02
1.240089363442879733e-01
1.934908793753950251e-01
2.743385498176728610e-01
3.567123574434704625e-01
4.283177802398746570e-01
4.775336919540511538e-01
4.965521319356834273e-01
4.833538868300192859e-01
4.418624308475408990e-01
3.803940866158254663e-01
3.091502617344272230e-01
2.377108462951633416e-01
1.732757517702366856e-01
1.199581874715680563e-01
7.900597702819839308e-02
4.958078114803352726e-02
2.969165010313829650e-02
1.699152184277205602e-02
9.304373176917703908e-03
4.881503700478163899e-03
2.456772733949738954e-03
1.187506096648024935e-03
5.519056508559861806e-04
2.469088795812268114e-04
1.064447249488983287e-04
4.426794294566660515e-05
1.777809955503785672e-05
6.901716894463401567e-06
2.592643238557704175e-06
9.433525411463469043e-07
3.327954198876225223e-07
1.139395079256442601e-07
3.789504593176379765e-08
1.225505812592602734e-08
3.857299135063339578e-09
1.182751873845525994e-09
3.536373174028870563e-10
1.032034263657430938e-10
2.942307777952066221e-11
8.202858920922991381e-12
2.241129364565698392e-12
6.030706141361145056e-13
1.609302663731822930e-13
4.113182843911052100e-14
8.345639446443592346e-15
-3.361209693821670674e-15
-7.626088345882853226e-15
-8.327404521155101769e-15
-9.958424059333670364e-15
-1.307089744599643222e-14
-1.606917723884215832e-14
-1.251125938961372697e-14
-6.096685656320488533e-15
-7.190428807923865406e-16
2.553512956637860043e-15
8.465450562766818621e-16
-3.250004432242548091e-15
-6.644858274729159575e-15
-8.505349202714285184e-15
-6.982261990806648555e-15
-1.745131816832667937e-15
5.575401251789458001e-15
1.056793541565070882e-14
9.971190539914687179e-15
6.009082120783659775e-15
4.204969705767780397e-15
4.876307690970804742e-15
5.781833345430698046e-15
5.544176229221875474e-15
3.226585665316861196e-15
1.301042606982605321e-15
1.696559559505317338e-15
3.493733080617289488e-15
2.779027008514844965e-15
3.625572064791526827e-16
3.035766082959412415e-16
7.320533068622125938e-16
1.696559559505317338e-15
2.157996004115148025e-15
-4.926614671774132148e-16
-3.711440876852378778e-15
-5.385449031169997625e-15
-5.247538514829841461e-15
-4.862429903162990286e-15
-4.155096405833447193e-15
-4.964344907376627702e-15
-6.678251701641713112e-15
-6.074567932001784243e-15
-5.005544589931076871e-15
-4.818194454525581705e-15
-5.599091069258266273e-15
-6.315965545705681805e-15
-5.855315147670903109e-15
-4.594875912047879929e-15
-3.525764478550658110e-15
-1.859914945580992685e-15
6.644499132759523752e-16
2.847104740551567592e-15
4.176174820725870457e-15
5.257835894369611990e-15
5.234243273931501149e-15
3.854321464889667957e-15
1.815339439685041104e-15
-3.782223264499023191e-16
-1.523706060465473276e-15
-1.506732784134473078e-15
-1.469362975319899795e-15
-1.632344063409165815e-15
-1.667023286542446533e-15
-1.606948978572788903e-15
-2.069886594694183887e-15
-2.535238528512036383e-15
-1.056817359072756489e-15
1.712615466067216627e-15
4.664009682411591855e-15
7.208882479470984407e-15
8.485331273071824304e-15
9.247379710662206181e-15
1.014103758649811948e-14
1.003687286277657464e-14
8.701942161640219275e-15
7.938121731124181402e-15
8.180576441946252331e-15
8.324558490452327320e-15
7.735186189489207109e-15
7.221708040600072209e-15
7.430579589129404638e-15
8.120132170830185458e-15
8.919080751734753676e-15
9.550520096990311458e-15
1.006161300109997825e-14
1.046059940057464388e-14
1.075181610410425037e-14
1.099814683769295698e-14
1.116468029138673046e-14
